5 17.19 -25.22 3.06
6 -6.70 1.21 -0.18
7 -7.17 -0.30 0.25
8 -26.44 28.38 -3.27
9 3.60 -10.07 1.62
10 4.15 -10.64 1.93
11 -4.95 3.55 0.21
12 -3.52 2.34 0.36
13 11.11 -17.53 2.73
14 -3.97 2.87 0.31
15 -9.79 11.72 -0.59
16 -5.65 5.87 0.06
17 -14.50 19.89 -1.49
18 -5.10 7.81 -0.16
19 68.93 -100.40 12.11
20 81.64 -129.05 14.53
21 122.63 -197.24 21.89
22 130.19 -220.45 23.90
23 114.48 -212.65 22.34
24 108.71 -212.04 22.12
25 92.02 -194.88 20.34
26 57.02 -147.67 14.94
27 43.30 -131.52 13.17
28 -1.89 -65.40 5.68
29 -7.43 -59.76 5.07
30 -35.71 -22.20 0.76
31 -49.68 -5.29 -1.21
32 -27.96 -38.28 2.58
33 -45.46 -13.58 -0.14
34 -45.16 -14.05 0.05
35 -15.27 -55.79 4.84
36 -1.11 -76.36 7.12
37 -9.19 -61.59 5.49
38 -8.52 -63.40 5.48
39 12.56 -93.86 8.99
40 14.61 -95.17 9.35
41 -12.71 -56.13 4.96
42 -19.53 -44.57 3.82
43 -36.30 -21.51 1.24
44 -53.97 6.12 -1.62
45 -84.29 53.85 -6.66
46 -74.34 40.74 -5.06
47 -50.79 7.19 -1.24
48 -41.97 -2.33 -0.10
49 -35.83 -14.09 1.02
50 -32.05 -24.34 1.79
51 -44.71 -13.58 0.17
52 -9.03 -72.57 6.24
53 -65.49 3.14 -2.82
54 -49.85 -23.46 0.01
55 -54.09 -20.52 -0.51
56 -54.36 -24.41 -0.19
57 -53.32 -29.35 0.42
58 -62.49 -17.75 -0.86
59 -41.91 -48.57 3.00
60 -3.67 -95.49 9.36
61 40.02 -150.42 16.71
62 25.95 -128.03 14.57
63 23.89 -124.32 14.38
64 3.96 -96.66 11.23
65 -9.26 -86.06 9.69
66 -29.85 -56.11 6.01
67 -28.18 -56.82 6.49
68 -31.90 -52.26 6.07
69 -67.29 0.26 -0.15
70 -69.68 -0.90 -0.36
71 -66.51 -10.14 0.09
72 -66.99 -15.25 0.27
73 -33.14 -67.83 6.55
74 -25.10 -95.59 9.58
75 6.69 -142.76 15.71
76 8.67 -142.57 15.57
77 -49.77 -43.25 4.03
78 -24.92 -73.57 7.75
79 -41.97 -42.71 4.43
80 -27.46 -59.23 6.66
81 -61.28 -10.35 0.94
82 -119.11 70.30 -9.02
83 -122.89 76.58 -10.21
84 -80.93 13.91 -3.21
85 -76.55 0.41 -1.90
86 -60.75 -19.84 1.02
87 -67.34 -9.23 0.25
88 -67.28 -8.49 0.42
90 -39.18 -31.02 3.38
91 -52.31 -5.13 0.26
92 -48.39 -7.45 0.41
93 -47.02 -11.07 0.41
94 -57.21 1.68 -1.31
95 -53.06 -6.78 -0.52
96 -53.53 -9.59 -0.13
97 -49.28 -7.39 0.18
98 -45.63 -5.24 0.58
99 -45.65 -6.91 1.17
100 -99.17 51.22 -5.45
101 -52.81 -18.71 2.60
102 -34.90 -46.06 5.69
103 7.24 -101.18 12.19
104 42.82 -149.99 17.68
105 62.69 -174.21 20.24
106 101.39 -220.80 25.88
107 106.24 -224.91 25.89
108 56.85 -152.25 17.30
109 67.77 -159.37 17.94
110 10.12 -73.08 7.80
111 -36.94 3.05 -0.84
112 -44.57 17.38 -2.63
113 -57.67 42.08 -5.30
114 -62.90 55.33 -6.50
115 -38.18 23.38 -2.31
116 -40.08 30.43 -2.68
117 -30.08 19.54 -0.86
118 -92.99 113.64 -11.58
119 -153.23 193.39 -20.43
120 -198.66 259.20 -27.89
121 -219.22 289.15 -31.22
122 -224.72 297.49 -32.21
123 -231.76 307.44 -33.49
124 -237.40 313.63 -34.48
125 -228.19 297.27 -32.65
126 -233.83 304.91 -33.77
127 -237.69 307.61 -34.62
128 -217.36 270.86 -31.09
129 -202.14 246.10 -29.43
130 -195.38 238.03 -29.25
131 -103.55 112.99 -14.64
132 -56.11 51.35 -7.46
133 -18.66 4.12 -1.64
134 -20.65 12.94 -2.39
135 -1.16 -9.90 0.34
136 -4.10 2.02 -0.43
137 -3.77 5.24 -0.21
138 -1.32 6.75 0.18
139 -3.64 13.14 0.00
140 -3.47 17.48 -0.15
141 -4.39 20.51 -0.10
142 4.41 10.80 1.23
143 -1.31 21.24 0.16
144 -9.18 34.96 -1.41
145 0.16 22.56 -0.05
146 0.28 22.29 0.02
147 -33.71 77.98 -6.30
148 -25.31 71.77 -5.23
149 -13.47 61.16 -3.70
150 -22.47 79.78 -5.62
151 -32.25 100.76 -7.64
152 -37.97 109.68 -8.45
153 -38.82 112.02 -8.18
154 -41.66 111.45 -7.98
155 -44.73 112.07 -8.09
156 -36.22 101.31 -6.69
157 -22.94 84.66 -4.56
158 -19.96 83.34 -4.22
159 -14.53 76.40 -3.37
160 -19.23 84.02 -4.31
161 -11.01 74.10 -2.92
162 -8.74 70.83 -2.12
163 -4.47 63.09 -1.01
164 11.30 39.58 1.96
165 25.15 13.58 4.84
166 38.31 -7.69 7.43
167 57.64 -37.32 10.68
168 62.82 -49.85 11.99
169 72.18 -67.10 13.96
170 75.27 -77.28 14.86
171 83.49 -96.81 17.03
172 82.13 -104.62 17.84
173 82.94 -114.13 18.83
174 59.85 -97.03 16.48
175 40.54 -81.89 14.41
176 18.24 -56.47 11.39
177 -8.32 -23.70 7.67
178 -29.68 2.85 4.59
179 -44.45 19.81 2.57
180 -75.36 58.81 -2.17
181 -84.87 70.16 -3.62
182 -98.31 86.89 -5.64
183 -105.61 97.10 -6.69
184 -98.86 88.52 -5.58
185 -107.99 98.83 -6.90
186 -96.89 80.31 -5.11
187 -95.04 72.31 -4.81
188 -142.56 131.25 -12.69
189 -131.60 120.54 -11.37
190 -114.34 99.43 -8.74
191 -121.65 111.62 -10.44
192 -47.34 7.75 0.40
193 -13.36 -40.86 5.33
194 -0.72 -59.25 6.84
195 10.64 -79.44 8.34
196 38.52 -122.53 12.44
197 36.94 -122.66 12.16
198 43.26 -135.60 13.02
199 57.48 -162.18 15.25
200 69.64 -187.07 17.10
201 85.51 -220.65 19.95
202 82.72 -224.76 19.96
203 57.56 -193.65 16.07
204 41.32 -173.04 12.99
205 27.47 -152.75 10.49
206 -8.60 -101.98 4.33
207 -77.78 -4.89 -7.51
208 -95.40 20.45 -10.50
209 -159.17 122.16 -22.62
210 -188.62 173.72 -29.04
211 -182.40 162.55 -27.52
212 -164.69 134.79 -24.03
213 -140.49 97.75 -19.44
214 -102.99 43.78 -12.78
215 -93.04 29.84 -10.85
216 -75.69 1.57 -7.28
217 -37.60 -57.50 -0.05
218 -11.74 -107.38 5.52
219 -10.75 -113.66 6.19
220 -3.49 -136.94 8.44
221 -23.62 -101.51 5.12
222 -38.63 -102.31 4.05
223 -47.22 -106.07 3.61
224 -60.10 -84.29 1.49
225 -69.31 -66.92 -0.14
226 -85.71 -42.25 -2.77
227 -109.16 -10.49 -6.14
228 -130.06 16.33 -8.81
229 -125.76 9.72 -7.26
230 -123.15 8.46 -6.22
231 -129.80 22.71 -7.16
232 -158.84 71.85 -12.28
233 -179.47 117.55 -17.03
234 -189.95 128.35 -17.59
235 -185.22 134.17 -18.48
236 -162.47 94.33 -13.87
237 -183.97 120.88 -16.51
238 -178.77 110.37 -14.92
239 -201.93 135.98 -17.75
240 -213.81 146.42 -18.83
241 -227.64 161.95 -20.51
242 -250.63 189.33 -23.74
243 -257.69 195.35 -24.39
244 -262.85 196.32 -24.51
245 -259.47 192.44 -23.79
246 -251.48 182.27 -22.30
247 -249.06 179.09 -22.00
248 -248.48 180.48 -21.95
249 -263.86 204.78 -24.54
250 -263.38 202.87 -24.25
251 -257.77 201.58 -23.82
252 -212.30 135.55 -16.24
253 -199.37 119.90 -14.28
254 -191.58 107.94 -12.90
255 -182.71 94.20 -11.03
256 -169.17 77.83 -8.98
257 -147.51 50.21 -5.53
258 -114.67 9.02 -0.39
259 -68.79 -43.57 6.36
260 -50.05 -62.30 8.94
261 -19.37 -99.54 13.50
262 -4.65 -113.80 15.28
263 21.20 -144.39 18.86
264 21.70 -140.35 18.60
265 70.29 -196.49 25.65
266 79.14 -200.23 26.25
267 97.56 -215.61 28.47
268 115.51 -231.05 30.64
269 143.67 -262.85 34.77
270 160.28 -276.49 36.85
271 189.71 -307.81 40.87
272 204.76 -322.83 42.94
273 217.80 -331.00 44.33
274 243.96 -361.74 48.26
275 263.75 -385.08 51.27
276 265.40 -383.30 51.37
277 294.66 -415.50 55.62
278 296.33 -417.03 55.83
279 320.08 -445.29 59.19
280 326.17 -453.84 59.91
281 348.98 -481.55 63.14
282 368.83 -511.44 66.11
283 382.58 -537.53 68.17
284 405.43 -566.98 71.13
285 399.61 -562.26 70.17
286 403.57 -554.18 71.13
287 405.60 -548.52 71.33
288 399.51 -532.79 69.60
289 425.80 -564.44 73.59
