77.72 -239.44 1716.70
78.52 -238.64 1716.51
79.41 -237.86 1716.53
80.30 -237.12 1716.75
81.22 -236.43 1717.16
82.11 -235.80 1717.70
82.98 -235.21 1718.36
83.80 -234.67 1719.09
84.56 -234.17 1719.87
85.27 -233.72 1720.70
85.27 -233.72 1720.70
86.46 -232.95 1722.25
87.01 -232.58 1723.06
87.48 -232.26 1723.80
87.88 -231.97 1724.46
88.23 -231.72 1725.04
88.53 -231.47 1725.54
88.81 -231.21 1725.94
89.04 -230.97 1726.23
89.27 -230.68 1726.37
89.48 -230.40 1726.43
89.69 -230.05 1726.34
89.91 -229.63 1726.09
90.14 -229.14 1725.74
90.56 -228.18 1725.03
90.79 -227.60 1724.59
91.11 -226.81 1724.07
91.47 -225.87 1723.49
91.87 -224.77 1722.89
92.31 -223.54 1722.34
92.76 -222.27 1721.90
93.22 -220.95 1721.55
93.65 -219.66 1721.31
94.07 -218.42 1721.23
94.44 -217.28 1721.18
94.78 -216.21 1721.23
95.09 -215.25 1721.36
95.34 -214.39 1721.46
95.56 -213.64 1721.57
95.74 -212.97 1721.68
95.88 -212.42 1721.76
95.99 -211.92 1721.80
96.05 -211.52 1721.76
96.08 -211.21 1721.66
96.07 -210.95 1721.47
96.01 -210.79 1721.17
95.90 -210.70 1720.76
95.90 -210.70 1720.76
95.58 -210.69 1719.76
95.25 -210.87 1718.90
93.48 -214.45 1716.41
93.48 -214.45 1716.41
93.48 -214.45 1716.40
93.48 -214.45 1716.40
93.48 -214.45 1716.41
93.48 -214.45 1716.40
93.48 -214.45 1716.41
93.48 -214.45 1716.41
93.48 -214.45 1716.40
93.48 -214.45 1716.40
93.48 -214.45 1716.40
93.48 -214.45 1716.40
93.48 -214.45 1716.41
95.73 -213.86 1722.47
96.42 -213.72 1725.34
96.60 -213.89 1726.62
96.69 -214.12 1727.57
96.74 -214.43 1728.53
96.76 -214.78 1729.53
96.73 -215.20 1730.54
96.65 -215.72 1731.63
96.51 -216.32 1732.71
96.51 -216.32 1732.71
96.11 -217.55 1734.65
95.72 -218.53 1735.86
95.20 -219.69 1736.97
94.54 -221.03 1738.00
93.70 -222.61 1738.94
92.62 -224.45 1739.69
91.27 -226.59 1740.20
89.56 -229.05 1740.35
87.41 -231.78 1740.02
84.80 -234.67 1739.06
81.67 -237.54 1737.32
76.96 -240.78 1733.53
74.98 -241.73 1731.39
72.82 -242.43 1728.68
71.06 -242.65 1726.05
69.62 -242.47 1723.29
69.17 -241.76 1720.63
69.40 -241.33 1719.70
69.91 -240.82 1718.86
70.68 -240.28 1718.26
71.71 -239.73 1717.95
72.92 -239.20 1717.95
74.31 -238.69 1718.29
75.79 -238.20 1718.94
77.33 -237.71 1719.91
78.88 -237.22 1721.17
80.38 -236.72 1722.73
81.77 -236.20 1724.53
82.99 -235.69 1726.52
83.99 -235.17 1728.63
84.75 -234.68 1730.77
85.26 -234.24 1732.84
85.53 -233.86 1734.77
85.60 -233.58 1736.50
85.51 -233.39 1737.97
85.31 -233.31 1739.13
85.05 -233.33 1740.02
84.77 -233.43 1740.61
84.53 -233.58 1740.90
84.33 -233.77 1740.93
84.21 -233.96 1740.70
84.21 -234.12 1740.23
84.32 -234.21 1739.56
84.54 -234.21 1738.70
84.89 -234.08 1737.70
85.36 -233.79 1736.59
85.91 -233.36 1735.43
86.54 -232.75 1734.27
87.21 -231.99 1733.12
87.88 -231.12 1732.07
88.52 -230.19 1731.15
89.11 -229.21 1730.34
89.61 -228.30 1729.66
90.04 -227.46 1729.12
90.40 -226.71 1728.70
90.65 -226.13 1728.36
90.82 -225.69 1728.09
90.92 -225.42 1727.90
90.94 -225.31 1727.73
90.87 -225.40 1727.59
90.72 -225.65 1727.45
90.49 -226.05 1727.30
90.16 -226.62 1727.15
89.72 -227.32 1726.96
89.19 -228.12 1726.74
88.55 -229.01 1726.50
87.80 -229.96 1726.22
86.98 -230.90 1725.90
86.09 -231.81 1725.55
85.16 -232.66 1725.15
84.25 -233.39 1724.73
83.37 -234.01 1724.27
82.57 -234.49 1723.78
81.86 -234.82 1723.26
81.26 -235.03 1722.70
80.79 -235.10 1722.12
80.41 -235.05 1721.51
80.17 -234.88 1720.87
80.00 -234.62 1720.20
79.94 -234.26 1719.53
79.89 -233.84 1718.84
79.90 -233.34 1718.16
79.92 -232.82 1717.48
79.93 -232.27 1716.84
79.91 -231.74 1716.23
79.85 -231.24 1715.66
79.73 -230.81 1715.13
79.56 -230.45 1714.67
79.32 -230.19 1714.27
79.02 -230.04 1713.93
78.66 -230.01 1713.66
78.24 -230.11 1713.47
77.49 -230.51 1713.35
77.08 -230.83 1713.39
76.56 -231.27 1713.50
75.99 -231.83 1713.72
75.38 -232.48 1714.05
74.75 -233.19 1714.50
74.12 -233.95 1715.08
73.52 -234.72 1715.78
72.96 -235.48 1716.60
72.46 -236.18 1717.48
72.07 -236.81 1718.41
71.76 -237.35 1719.33
71.58 -237.78 1720.20
71.49 -238.13 1721.00
71.52 -238.37 1721.68
71.62 -238.54 1722.23
71.80 -238.64 1722.65
72.04 -238.68 1722.92
72.31 -238.66 1723.04
72.64 -238.60 1723.05
72.95 -238.49 1722.90
73.28 -238.34 1722.66
73.59 -238.16 1722.33
73.87 -237.93 1721.89
74.12 -237.68 1721.40
74.33 -237.40 1720.87
74.50 -237.09 1720.30
74.62 -236.78 1719.74
74.67 -236.47 1719.19
74.67 -236.16 1718.67
74.64 -235.88 1718.19
74.56 -235.63 1717.78
74.46 -235.41 1717.42
74.32 -235.26 1717.13
74.17 -235.14 1716.92
73.86 -235.10 1716.72
73.71 -235.15 1716.72
73.50 -235.33 1716.87
73.44 -235.46 1717.01
73.37 -235.61 1717.20
73.34 -235.79 1717.44
73.33 -235.98 1717.71
73.37 -236.15 1717.99
73.44 -236.31 1718.28
73.57 -236.44 1718.55
73.72 -236.53 1718.80
73.93 -236.58 1719.00
74.17 -236.58 1719.14
74.45 -236.53 1719.23
74.74 -236.44 1719.26
75.06 -236.29 1719.21
75.40 -236.09 1719.11
75.74 -235.84 1718.95
76.07 -235.54 1718.74
76.40 -235.19 1718.49
76.71 -234.81 1718.21
76.99 -234.39 1717.91
77.23 -233.95 1717.60
77.43 -233.51 1717.29
77.58 -233.07 1717.00
77.68 -232.66 1716.72
77.75 -232.29 1716.47
77.77 -231.96 1716.25
77.75 -231.70 1716.06
77.70 -231.50 1715.89
77.63 -231.37 1715.76
77.53 -231.31 1715.65
77.42 -231.31 1715.57
77.30 -231.37 1715.53
77.18 -231.48 1715.51
77.05 -231.64 1715.51
76.93 -231.82 1715.55
76.81 -232.03 1715.61
76.71 -232.24 1715.70
76.64 -232.44 1715.80
76.60 -232.62 1715.91
76.58 -232.78 1716.03
76.61 -232.89 1716.15
76.67 -232.97 1716.26
76.76 -233.00 1716.35
76.90 -232.99 1716.44
77.06 -232.93 1716.50
77.24 -232.83 1716.56
77.44 -232.70 1716.61
77.65 -232.53 1716.64
77.85 -232.34 1716.68
78.04 -232.14 1716.71
78.22 -231.93 1716.74
78.37 -231.74 1716.76
78.49 -231.56 1716.79
78.58 -231.41 1716.81
78.66 -231.30 1716.82
78.70 -231.22 1716.84
78.72 -231.18 1716.85
78.73 -231.18 1716.85
78.70 -231.23 1716.85
78.66 -231.32 1716.84
78.59 -231.44 1716.84
78.49 -231.61 1716.83
78.35 -231.82 1716.83
78.17 -232.05 1716.83
77.95 -232.30 1716.85
77.54 -232.65 1716.91
77.34 -232.80 1716.94
77.10 -232.93 1716.99
76.87 -233.03 1717.04
76.66 -233.10 1717.08
76.50 -233.13 1717.11
76.37 -233.14 1717.12
76.29 -233.13 1717.11
76.24 -233.12 1717.08
76.20 -233.08 1717.02
76.20 -233.05 1716.99
76.21 -233.02 1716.94
76.23 -232.99 1716.90
76.25 -232.95 1716.86
76.27 -232.92 1716.83
76.29 -232.89 1716.81
76.30 -232.88 1716.80
76.29 -232.88 1716.80
