Legend
======
Order:       curve order
Px,Py,Pz:    coordinates of point P on the centerline
Tx,Ty,Tz:    coordinates of the direction of the Tangent vector to point P
Nx,Ny,Nz:    coordinates of the direction of the Normal vector to point P
BNx,BNy,BNz: coordinates of the direction of the Binormal vector to point P
Dfit:        diameter of the best fit circle in point P
Dmin:        diameter of the inscribing circle in point P
Dmax:        diameter of the subscribing circle in point P
C:           curvature in point P
Dh:          hydraulic diameter in point P
Xh:          hydraulic ratio in point P
Scf:         distance of circumference in point P
Area:        sectional area in point P
E:           ellipticity in point P


Order: Cubic

[Main Branch Set] Branch Segment 1:


        Px         Py         Pz         Tx         Ty         Tz         Nx         Ny         Nz        BNx        BNy        BNz
   -0.5657  -171.4582  1703.6340     0.9252     0.3749     0.0584     0.0776    -0.0362    -0.9963    -0.3714     0.9264    -0.0626
   -0.0171  -171.2364  1703.6634     0.9267     0.3737     0.0406     0.0817    -0.0950    -0.9921    -0.3669     0.9227    -0.1186
    0.5871  -170.9938  1703.6829     0.9285     0.3710     0.0190     0.0800    -0.1498    -0.9855    -0.3627     0.9165    -0.1688
    1.3121  -170.7065  1703.6865     0.9308     0.3653    -0.0106     0.0762    -0.2225    -0.9720    -0.3574     0.9039    -0.2349
    2.1069  -170.3994  1703.6615     0.9339     0.3542    -0.0490     0.0724    -0.3215    -0.9442    -0.3502     0.8782    -0.3258
    2.9248  -170.0975  1703.5990     0.9375     0.3348    -0.0953     0.0654    -0.4384    -0.8964    -0.3419     0.8341    -0.4328
    3.7306  -169.8226  1703.4953     0.9413     0.3038    -0.1474     0.0555    -0.5698    -0.8199    -0.3331     0.7636    -0.5532
    4.5029  -169.5911  1703.3532     0.9451     0.2588    -0.1995     0.0512    -0.7204    -0.6917    -0.3227     0.6435    -0.6941
    5.2352  -169.4124  1703.1814     0.9489     0.2011    -0.2431     0.0518    -0.8595    -0.5085    -0.3112     0.4699    -0.8261
    5.9330  -169.2880  1702.9923     0.9534     0.1372    -0.2688     0.0776    -0.9722    -0.2211    -0.2916     0.1899    -0.9375
    6.6095  -169.2123  1702.7999     0.9594     0.0785    -0.2710     0.1310    -0.9747     0.1813    -0.2499    -0.2094    -0.9453
    7.2806  -169.1736  1702.6166     0.9670     0.0360    -0.2521     0.1955    -0.7392     0.6445    -0.1631    -0.6726    -0.7218
    7.9606  -169.1567  1702.4507     0.9752     0.0165    -0.2208     0.2200    -0.1868     0.9575    -0.0254    -0.9823    -0.1858
    8.6587  -169.1448  1702.3050     0.9818     0.0204    -0.1887     0.1607     0.4395     0.8837     0.1010    -0.8980     0.4283
    9.3784  -169.1227  1702.1765     0.9854     0.0424    -0.1647     0.0519     0.8473     0.5286     0.1619    -0.5295     0.8327
   10.1177  -169.0791  1702.0581     0.9853     0.0748    -0.1535    -0.0590     0.9927     0.1050     0.1603    -0.0944     0.9826
   10.8712  -169.0084  1701.9404     0.9817     0.1093    -0.1558    -0.1453     0.9593    -0.2421     0.1230     0.2603     0.9576
   11.6324  -168.9117  1701.8150     0.9761     0.1377    -0.1680    -0.2089     0.8069    -0.5525     0.0595     0.5744     0.8164
   12.3955  -168.7969  1701.6772     0.9711     0.1524    -0.1835    -0.2283     0.3712    -0.9001    -0.0691     0.9160     0.3952
   13.1565  -168.6778  1701.5284     0.9697     0.1475    -0.1945     0.0612    -0.9182    -0.3913    -0.2363     0.3675    -0.8995
   13.9130  -168.5722  1701.3765     0.9739     0.1197    -0.1928     0.1662    -0.9547     0.2470    -0.1545    -0.2726    -0.9496
   14.6631  -168.4989  1701.2357     0.9831     0.0671    -0.1704     0.1398    -0.8757     0.4621    -0.1182    -0.4781    -0.8703
   15.4048  -168.4757  1701.1241     0.9925    -0.0091    -0.1222     0.0637    -0.8135     0.5781    -0.1047    -0.5815    -0.8068
   16.1339  -168.5159  1701.0604     0.9936    -0.1033    -0.0465    -0.0467    -0.7475     0.6626    -0.1032    -0.6561    -0.7476
   16.8447  -168.6264  1701.0608     0.9778    -0.2037     0.0501    -0.1784    -0.6822     0.7090    -0.1102    -0.7022    -0.7034
   17.5303  -168.8068  1701.1355     0.9396    -0.3014     0.1623    -0.3174    -0.5897     0.7426    -0.1282    -0.7493    -0.6497
   18.1307  -169.0289  1701.2741     0.8932    -0.3704     0.2551    -0.4244    -0.5067     0.7504    -0.1487    -0.7785    -0.6098
   18.8028  -169.3381  1701.5068     0.8368    -0.4249     0.3453    -0.5169    -0.4050     0.7542    -0.1806    -0.8096    -0.5585
   19.3861  -169.6564  1701.7819     0.7882    -0.4550     0.4144    -0.5532    -0.2291     0.8009    -0.2695    -0.8605    -0.4323
   20.1883  -170.1344  1702.2428     0.7617    -0.4568     0.4595     0.0030     0.7117     0.7024    -0.6480    -0.5336     0.5435
   20.7765  -170.4807  1702.5984     0.7693    -0.4416     0.4616     0.5921     0.7642    -0.2558    -0.2398     0.4701     0.8494
   21.5311  -170.8899  1703.0306     0.8069    -0.4060     0.4290     0.5882     0.4862    -0.6462     0.0537     0.7738     0.6312
   22.0781  -171.1524  1703.3023     0.8369    -0.3869     0.3871     0.4787     0.1743    -0.8605     0.2655     0.9055     0.3311
   22.8837  -171.5155  1703.6457     0.8568    -0.3816     0.3468     0.1097    -0.5222    -0.8458     0.5038     0.7627    -0.4055
   23.2278  -171.6710  1703.7832     0.8545    -0.3950     0.3373    -0.2387    -0.8754    -0.4204     0.4613     0.2787    -0.8423
   23.8396  -171.9728  1704.0229     0.8347    -0.4397     0.3315    -0.5227    -0.8220     0.2260     0.1731    -0.3620    -0.9160
   24.4053  -172.2945  1704.2575     0.7965    -0.4942     0.3483    -0.5873    -0.7694     0.2512     0.1439    -0.4046    -0.9031
   24.9713  -172.6830  1704.5225     0.7410    -0.5592     0.3718    -0.6639    -0.6932     0.2806     0.1008    -0.4547    -0.8849
   25.5045  -173.1322  1704.8128     0.6636    -0.6344     0.3965    -0.7334    -0.6564     0.1771     0.1479    -0.4083    -0.9008
   25.8396  -173.4777  1705.0241     0.6166    -0.6750     0.4053    -0.7582    -0.6477     0.0749     0.2119    -0.3535    -0.9111
   26.4008  -174.1401  1705.4079     0.5587    -0.7265     0.4002    -0.7448    -0.6517    -0.1434     0.3650    -0.2179    -0.9051
   26.8398  -174.7618  1705.7293     0.5107    -0.7746     0.3732    -0.4451    -0.6095    -0.6560     0.7356     0.1689    -0.6561
   27.2483  -175.4095  1706.0130     0.4925    -0.8111     0.3156    -0.1112    -0.4183    -0.9015     0.8632     0.4089    -0.2962
   27.6202  -176.0342  1706.2218     0.4936    -0.8383     0.2315     0.0996    -0.2100    -0.9726     0.8640     0.5031    -0.0202
   27.9874  -176.6568  1706.3538     0.5062    -0.8535     0.1234     0.1211    -0.0713    -0.9901     0.8539     0.5161     0.0672
   28.3561  -177.2725  1706.3993     0.5175    -0.8557     0.0020     0.0631     0.0358    -0.9974     0.8534     0.5163     0.0725
   28.7268  -177.8820  1706.3580     0.5166    -0.8484    -0.1155    -0.0824     0.0851    -0.9930     0.8523     0.5225    -0.0259
   29.0886  -178.4805  1706.2409     0.5017    -0.8395    -0.2088    -0.2509     0.0898    -0.9638     0.8278     0.5360    -0.1656
   29.4510  -179.1056  1706.0580     0.4651    -0.8403    -0.2784    -0.6582    -0.1180    -0.7435     0.5919     0.5291    -0.6080
   29.9007  -179.9770  1705.7419     0.4183    -0.8494    -0.3219    -0.8834    -0.2980    -0.3616     0.2113     0.4356    -0.8750
   30.0916  -180.3808  1705.5877     0.3847    -0.8615    -0.3312    -0.9207    -0.3324    -0.2047     0.0662     0.3837    -0.9211
   30.3109  -180.9151  1705.3815     0.3381    -0.8781    -0.3385    -0.9302    -0.3664     0.0216    -0.1430     0.3076    -0.9407
   30.5809  -181.6534  1705.0990     0.3050    -0.8899    -0.3392    -0.9523    -0.2862    -0.1053    -0.0033     0.3551    -0.9348
   30.8205  -182.4001  1704.8116     0.2726    -0.8956    -0.3516    -0.7130     0.0573    -0.6988     0.6460     0.4412    -0.6229
   31.0194  -183.0686  1704.5387     0.2607    -0.8871    -0.3808    -0.1199     0.3616    -0.9246     0.9579     0.2867    -0.0120
   31.2107  -183.7144  1704.2412     0.2604    -0.8642    -0.4306     0.0609     0.4598    -0.8859     0.9636     0.2044     0.1723
   31.4010  -184.3275  1703.9047     0.2646    -0.8237    -0.5016     0.0427     0.5296    -0.8472     0.9634     0.2028     0.1753
   31.6025  -184.9316  1703.4932     0.2655    -0.7693    -0.5812    -0.0298     0.5960    -0.8025     0.9636     0.2304     0.1353
   31.7815  -185.4391  1703.0737     0.2569    -0.7166    -0.6485    -0.1661     0.6283    -0.7600     0.9521     0.3029     0.0424
   31.9624  -185.9437  1702.5752     0.2356    -0.6652    -0.7086    -0.3896     0.6033    -0.6959     0.8903     0.4400    -0.1171
   32.1271  -186.4262  1702.0322     0.2055    -0.6335    -0.7459    -0.6874     0.4491    -0.5708     0.6966     0.6301    -0.3432
   32.2700  -186.8987  1701.4607     0.1734    -0.6210    -0.7644    -0.9531     0.0896    -0.2890     0.2479     0.7787    -0.5763
   32.3902  -187.3729  1700.8807     0.1438    -0.6341    -0.7597    -0.6578    -0.6348     0.4054    -0.7393     0.4415    -0.5084
   32.4648  -187.7236  1700.4692     0.1320    -0.6502    -0.7482    -0.2410    -0.7532     0.6120    -0.9615     0.0995    -0.2561
   32.5920  -188.3590  1699.7688     0.1386    -0.6877    -0.7127     0.2562    -0.6703     0.6965    -0.9566    -0.2791     0.0833
   32.7029  -188.8758  1699.2623     0.1696    -0.7220    -0.6708     0.6767    -0.4096     0.6119    -0.7165    -0.5577     0.4191
   32.8445  -189.4049  1698.7937     0.2271    -0.7436    -0.6289     0.8360    -0.1823     0.5175    -0.4995    -0.6433     0.5803
   33.0329  -189.9399  1698.3581     0.3016    -0.7488    -0.5902     0.9151     0.0535     0.3997    -0.2677    -0.6606     0.7014
   33.2778  -190.4739  1697.9456     0.3798    -0.7358    -0.5607     0.9226     0.2573     0.2873    -0.0671    -0.6264     0.7766
   33.5803  -191.0013  1697.5442     0.4474    -0.7105    -0.5432     0.8862     0.4339     0.1624     0.1203    -0.5540     0.8238
   33.9325  -191.5196  1697.1427     0.4950    -0.6828    -0.5374     0.8117     0.5841     0.0055     0.3101    -0.4390     0.8433
   34.3190  -192.0295  1696.7338     0.5189    -0.6621    -0.5407     0.5760     0.7382    -0.3511     0.6317    -0.1293     0.7644
   34.7200  -192.5349  1696.3149     0.5203    -0.6544    -0.5486    -0.7160     0.0157    -0.6979     0.4654     0.7560    -0.4604
   35.1159  -193.0417  1695.8887     0.5032    -0.6618    -0.5556    -0.8493    -0.4974    -0.1767    -0.1595     0.5608    -0.8124
   35.4908  -193.5565  1695.4616     0.4728    -0.6828    -0.5569    -0.7952    -0.6029     0.0641    -0.3796     0.4126    -0.8281
   35.8357  -194.0849  1695.0419     0.4371    -0.7126    -0.5488    -0.7182    -0.6438     0.2640    -0.5415     0.2788    -0.7932
   36.1500  -194.6301  1694.6373     0.4040    -0.7447    -0.5312    -0.6110    -0.6518     0.4492    -0.6808     0.1430    -0.7184
   36.4399  -195.1927  1694.2526     0.3811    -0.7733    -0.5068    -0.3991    -0.6320     0.6643    -0.8340    -0.0509    -0.5494
   36.7167  -195.7706  1693.8888     0.3728    -0.7936    -0.4808    -0.0153    -0.5234     0.8520    -0.9278    -0.3103    -0.2073
   36.9928  -196.3598  1693.5429     0.3786    -0.8037    -0.4591     0.5422    -0.2095     0.8137    -0.7501    -0.5570     0.3564
   37.2784  -196.9557  1693.2086     0.3937    -0.8043    -0.4451     0.8663     0.1626     0.4724    -0.3076    -0.5715     0.7607
   37.5789  -197.5545  1692.8787     0.4107    -0.7986    -0.4400     0.8927     0.4504     0.0159     0.1854    -0.3993     0.8979
   37.8935  -198.1535  1692.5463     0.4225    -0.7907    -0.4430     0.6095     0.6096    -0.5069     0.6708    -0.0558     0.7395
   38.2160  -198.7523  1692.2068     0.4240    -0.7855    -0.4508    -0.4238     0.2678    -0.8653     0.8004     0.5579    -0.2193
   38.5365  -199.3519  1691.8589     0.4133    -0.7857    -0.4603    -0.8576    -0.1659    -0.4868     0.3061     0.5959    -0.7424
   38.8445  -199.9542  1691.5039     0.3913    -0.7920    -0.4686    -0.9193    -0.3131    -0.2385     0.0422     0.5241    -0.8506
   39.1314  -200.5610  1691.1449     0.3616    -0.8028    -0.4741    -0.9290    -0.3530    -0.1109    -0.0783     0.4805    -0.8735
   39.3928  -201.1729  1690.7851     0.3294    -0.8149    -0.4768    -0.9353    -0.3509    -0.0465    -0.1294     0.4613    -0.8778
   39.6290  -201.7890  1690.4262     0.3005    -0.8248    -0.4790    -0.9527    -0.2839    -0.1089    -0.0461     0.4891    -0.8710
   39.8447  -202.4063  1690.0671     0.2792    -0.8290    -0.4845    -0.9017    -0.0529    -0.4291     0.3301     0.5567    -0.7623
   40.0468  -203.0208  1689.7036     0.2672    -0.8259    -0.4966    -0.3736     0.3862    -0.8434     0.8883     0.4108    -0.2053
   40.2426  -203.6280  1689.3294     0.2633    -0.8147    -0.5166    -0.0223     0.5302    -0.8476     0.9644     0.2347     0.1215
   40.4375  -204.2244  1688.9375     0.2640    -0.7966    -0.5439     0.0504     0.5745    -0.8169     0.9632     0.1883     0.1918
   40.6340  -204.8080  1688.5222     0.2647    -0.7747    -0.5743    -0.0099     0.5933    -0.8049     0.9643     0.2188     0.1494
   40.8315  -205.3795  1688.0816     0.2626    -0.7534    -0.6028    -0.1144     0.5960    -0.7948     0.9581     0.2777     0.0703
   41.0279  -205.9414  1687.6179     0.2575    -0.7372    -0.6246    -0.2868     0.5590    -0.7780     0.9227     0.3795    -0.0675
   41.2213  -206.4979  1687.1384     0.2519    -0.7295    -0.6359    -0.6236     0.3801    -0.6831     0.7400     0.5686    -0.3592
   41.4122  -207.0534  1686.6536     0.2507    -0.7306    -0.6351     0.2871    -0.5705     0.7695    -0.9245    -0.3752     0.0667
   41.6052  -207.6108  1686.1754     0.2598    -0.7383    -0.6224     0.5944    -0.3858     0.7056    -0.7611    -0.5533     0.3386
   41.8090  -208.1707  1685.7144     0.2842    -0.7478    -0.6000     0.7636    -0.2019     0.6134    -0.5798    -0.6324     0.5136
   42.0356  -208.7306  1685.2772     0.3267    -0.7523    -0.5720     0.8688     0.0008     0.4952    -0.3721    -0.6588     0.6539
   42.2980  -209.2850  1684.8647     0.3855    -0.7450    -0.5444     0.9096     0.2076     0.3599    -0.1551    -0.6340     0.7576
   42.6068  -209.8262  1684.4719     0.4536    -0.7212    -0.5235     0.8885     0.4121     0.2020     0.0700    -0.5568     0.8277
   42.9676  -210.3460  1684.0887     0.5203    -0.6815    -0.5147     0.8018     0.5972     0.0199     0.2938    -0.4230     0.8572
   43.3785  -210.8377  1683.7021     0.5745    -0.6314    -0.5209     0.6375     0.7443    -0.1991     0.5134    -0.2177     0.8301
   43.8294  -211.2975  1683.2993     0.6086    -0.5797    -0.5417     0.3705     0.8114    -0.4520     0.7016     0.0744     0.7087
   44.3036  -211.7261  1682.8703     0.6191    -0.5358    -0.5742    -0.0372     0.7103    -0.7029     0.7845     0.4565     0.4198
   44.7795  -212.1289  1682.4104     0.6055    -0.5068    -0.6136    -0.4779     0.3850    -0.7896     0.6364     0.7713    -0.0091
   45.2350  -212.5153  1681.9205     0.5702    -0.4968    -0.6543    -0.7541    -0.0006    -0.6568     0.3259     0.8679    -0.3750
   45.6512  -212.8973  1681.4065     0.5166    -0.5065    -0.6903    -0.8551    -0.2637    -0.4464     0.0441     0.8209    -0.5693
   46.0149  -213.2869  1680.8775     0.4500    -0.5335    -0.7161    -0.8751    -0.4232    -0.2347    -0.1778     0.7323    -0.6573
   46.3209  -213.6945  1680.3431     0.3781    -0.5712    -0.7286    -0.8702    -0.4879    -0.0691    -0.3160     0.6601    -0.6815
   46.5716  -214.1260  1679.8103     0.3100    -0.6102    -0.7291    -0.8591    -0.5083     0.0602    -0.4073     0.6077    -0.6818
   46.7756  -214.5822  1679.2817     0.2531    -0.6419    -0.7238    -0.8828    -0.4593     0.0986    -0.3957     0.6140    -0.6829
   46.9442  -215.0583  1678.7544     0.2115    -0.6593    -0.7215    -0.9631    -0.2665    -0.0387    -0.1668     0.7031    -0.6913
   47.0890  -215.5448  1678.2212     0.1839    -0.6593    -0.7291    -0.7911     0.3409    -0.5078     0.5833     0.6702    -0.4589
   47.2184  -216.0292  1677.6724     0.1653    -0.6410    -0.7495    -0.3750     0.6621    -0.6489     0.9122     0.3883    -0.1309
   47.3366  -216.4985  1677.0984     0.1494    -0.6067    -0.7808    -0.2879     0.7287    -0.6213     0.9459     0.3176    -0.0658
   47.4431  -216.9417  1676.4927     0.1309    -0.5612    -0.8173    -0.3164     0.7576    -0.5709     0.9396     0.3333    -0.0784
   47.5346  -217.3518  1675.8541     0.1077    -0.5117    -0.8524    -0.3966     0.7641    -0.5088     0.9117     0.3929    -0.1206
   47.6072  -217.7272  1675.1875     0.0809    -0.4668    -0.8807    -0.5140     0.7375    -0.4381     0.8540     0.4881    -0.1803
   47.6591  -218.0725  1674.5031     0.0549    -0.4346    -0.8989    -0.6591     0.6605    -0.3596     0.7500     0.6122    -0.2502
   47.6932  -218.3971  1673.8148     0.0365    -0.4211    -0.9063    -0.9634     0.2263    -0.1440     0.2657     0.8783    -0.3974
   47.7181  -218.7142  1673.1371     0.0330    -0.4300    -0.9022     0.2308    -0.8751     0.4255    -0.9725    -0.2222     0.0704
   47.7473  -219.0387  1672.4827     0.0512    -0.4614    -0.8857     0.5398    -0.7334     0.4133    -0.8402    -0.4993     0.2115
   47.7979  -219.3847  1671.8604     0.0950    -0.5102    -0.8548     0.6410    -0.6256     0.4447    -0.7616    -0.5902     0.2676
   47.8869  -219.7638  1671.2739     0.1608    -0.5667    -0.8081     0.6868    -0.5238     0.5040    -0.7088    -0.6360     0.3049
   48.0277  -220.1837  1670.7228     0.2377    -0.6187    -0.7488     0.7064    -0.4190     0.5705    -0.6667    -0.6646     0.3375
   48.2274  -220.6474  1670.2036     0.3112    -0.6589    -0.6848     0.6866    -0.3423     0.6414    -0.6570    -0.6698     0.3459
   48.4843  -221.1536  1669.7124     0.3693    -0.6875    -0.6253     0.6280    -0.3113     0.7132    -0.6850    -0.6561     0.3167
   48.7875  -221.6971  1669.2463     0.4066    -0.7097    -0.5754     0.4701    -0.3775     0.7978    -0.7834    -0.5948     0.1801
   49.1185  -222.2705  1668.8047     0.4214    -0.7314    -0.5361     0.0843    -0.5570     0.8262    -0.9030    -0.3933    -0.1731
   49.4537  -222.8651  1668.3886     0.4134    -0.7570    -0.5060    -0.4487    -0.6529     0.6102    -0.7923    -0.0252    -0.6096
   49.7682  -223.4723  1667.9997     0.3820    -0.7874    -0.4839    -0.7596    -0.5657     0.3208    -0.5263     0.2450    -0.8142
   50.0399  -224.0843  1667.6368     0.3271    -0.8196    -0.4703    -0.8952    -0.4281     0.1235    -0.3026     0.3807    -0.8738
   50.2527  -224.6947  1667.2941     0.2507    -0.8471    -0.4685    -0.9654    -0.2547    -0.0559    -0.0720     0.4663    -0.8817
   50.3985  -225.2983  1666.9592     0.1606    -0.8602    -0.4840    -0.9645    -0.0326    -0.2622     0.2098     0.5090    -0.8348
   50.4781  -225.8908  1666.6130     0.0710    -0.8500    -0.5220    -0.8391     0.2321    -0.4921     0.5394     0.4729    -0.6967
   50.5003  -226.4683  1666.2317    -0.0028    -0.8130    -0.5822    -0.5823     0.4747    -0.6600     0.8130     0.3371    -0.4747
   50.4794  -227.0265  1665.7912    -0.0507    -0.7527    -0.6564    -0.2996     0.6384    -0.7090     0.9527     0.1607    -0.2579
   50.4324  -227.5604  1665.2729    -0.0708    -0.6780    -0.7317    -0.0618     0.7351    -0.6752     0.9956    -0.0026    -0.0939
   50.3761  -228.0639  1664.6687    -0.0693    -0.5998    -0.7972     0.1012     0.7907    -0.6038     0.9925    -0.1225     0.0059
   50.3240  -228.5299  1663.9864    -0.0552    -0.5276    -0.8477     0.2229     0.8210    -0.5255     0.9733    -0.2180     0.0723
   50.2851  -228.9504  1663.2515    -0.0364    -0.4666    -0.8837     0.2991     0.8387    -0.4551     0.9535    -0.2808     0.1091
   50.2627  -229.3172  1662.5067    -0.0177    -0.4182    -0.9082     0.3571     0.8458    -0.3964     0.9339    -0.3313     0.1344
   50.2554  -229.6222  1661.8067    -0.0018    -0.3818    -0.9243     0.3868     0.8521    -0.3527     0.9222    -0.3581     0.1462
   50.2582  -229.8581  1661.2117     0.0104    -0.3559    -0.9345     0.4174     0.8508    -0.3193     0.9087    -0.3867     0.1574
   50.2674  -230.0598  1660.6636     0.0210    -0.3352    -0.9419     0.4528     0.8431    -0.2900     0.8914    -0.4204     0.1695

[Main Branch Set] Branch Segment 2:


        Px         Py         Pz         Tx         Ty         Tz         Nx         Ny         Nz        BNx        BNy        BNz
   18.1307  -169.0289  1701.2741     0.4490     0.8533    -0.2650     0.8810    -0.3733     0.2907     0.1491    -0.3640    -0.9194
   18.5379  -168.3704  1701.0858     0.5737     0.7949    -0.1977     0.7365    -0.3949     0.5491     0.3584    -0.4606    -0.8120
   18.8738  -167.9526  1700.9988     0.6626     0.7397    -0.1175     0.6115    -0.4437     0.6551     0.4325    -0.5059    -0.7463
   19.2742  -167.5302  1700.9487     0.6826     0.7269    -0.0753    -0.7142     0.6416    -0.2796    -0.1549     0.2446     0.9572
   19.7234  -167.0078  1700.8890     0.6224     0.7775    -0.0902    -0.7660     0.6288     0.1336     0.1605    -0.0141     0.9869
   20.1658  -166.4138  1700.8231     0.5598     0.8237    -0.0900    -0.8284     0.5540    -0.0823    -0.0180     0.1206     0.9925
   20.5497  -165.7763  1700.7528     0.4632     0.8808    -0.0978    -0.8862     0.4595    -0.0592    -0.0072     0.1141     0.9934
   20.8344  -165.1201  1700.6777     0.3109     0.9436    -0.1137    -0.9478     0.2988    -0.1119    -0.0716     0.1425     0.9872
   20.9454  -164.6687  1700.6203     0.1552     0.9790    -0.1319    -0.9837     0.1410    -0.1112    -0.0903     0.1470     0.9850

[Main Branch Set] Branch Segment 3:


        Px         Py         Pz         Tx         Ty         Tz         Nx         Ny         Nz        BNx        BNy        BNz
   20.9454  -164.6687  1700.6203     0.2487     0.9610    -0.1211    -0.9646     0.2344    -0.1210    -0.0879     0.1469     0.9852
   21.0269  -163.8236  1700.4976    -0.0481     0.9851    -0.1650    -0.9804    -0.0782    -0.1808    -0.1910     0.1531     0.9696
   20.9400  -163.2023  1700.3802    -0.2160     0.9549    -0.2036    -0.9246    -0.2671    -0.2716    -0.3138     0.1296     0.9406
   20.7606  -162.6010  1700.2348    -0.3298     0.9109    -0.2481    -0.7919    -0.4100    -0.4526    -0.5140     0.0472     0.8565
   20.5232  -162.0154  1700.0557    -0.3829     0.8745    -0.2978    -0.3680    -0.4401    -0.8191    -0.8473    -0.2040     0.4903
   20.2651  -161.4391  1699.8392    -0.3821     0.8550    -0.3507     0.4265    -0.1735    -0.8877    -0.8198    -0.4887    -0.2983
   20.0203  -160.8649  1699.5854    -0.3383     0.8510    -0.4017     0.7893     0.0242    -0.6135    -0.5124    -0.5246    -0.6799
   19.8149  -160.2870  1699.2982    -0.2643     0.8561    -0.4442     0.9179     0.0820    -0.3882    -0.2959    -0.5103    -0.8075
   19.6648  -159.7015  1698.9853    -0.1757     0.8638    -0.4722     0.9742     0.0836    -0.2096    -0.1415    -0.4968    -0.8562
   19.5748  -159.1070  1698.6571    -0.0885     0.8713    -0.4828     0.9957     0.0898    -0.0204     0.0256    -0.4825    -0.8755
   19.5404  -158.5041  1698.3257    -0.0144     0.8790    -0.4767     0.9713     0.1256     0.2022     0.2376    -0.4601    -0.8555
   19.5506  -157.8945  1698.0030     0.0406     0.8887    -0.4567     0.8428     0.2150     0.4934     0.5367    -0.4049    -0.7403
   19.5917  -157.2805  1697.6997     0.0761     0.9015    -0.4259     0.5696     0.3113     0.7607     0.8184    -0.3005    -0.4899
   19.6506  -156.6639  1697.4234     0.0952     0.9169    -0.3875     0.2608     0.3527     0.8986     0.9607    -0.1867    -0.2056
   19.7175  -156.0453  1697.1784     0.1036     0.9330    -0.3447     0.1015     0.3348     0.9368     0.9894    -0.1321    -0.0600
   19.7874  -155.4244  1696.9650     0.1079     0.9471    -0.3021     0.0901     0.2933     0.9518     0.9901    -0.1300    -0.0537
   19.8599  -154.8004  1696.7798     0.1142     0.9576    -0.2646     0.2430     0.2314     0.9420     0.9633    -0.1719    -0.2062
   19.9382  -154.1720  1696.6165     0.1263     0.9633    -0.2367     0.5703     0.1247     0.8119     0.8116    -0.2376    -0.5337
   20.0269  -153.5389  1696.4669     0.1448     0.9644    -0.2212     0.9237    -0.0516     0.3797     0.3548    -0.2593    -0.8983
   20.1302  -152.9018  1696.3219     0.1680     0.9610    -0.2196     0.9518    -0.2161    -0.2177    -0.2567    -0.1724    -0.9510
   20.2503  -152.2632  1696.1722     0.1920     0.9537    -0.2315     0.7542    -0.2943    -0.5870    -0.6280    -0.0619    -0.7758
   20.3861  -151.6270  1696.0098     0.2120     0.9435    -0.2546     0.4814    -0.3275    -0.8130    -0.8505     0.0498    -0.5236
   20.5330  -150.9981  1695.8279     0.2245     0.9303    -0.2900     0.1829    -0.3326    -0.9252    -0.9572     0.1547    -0.2448
   20.6591  -150.4853  1695.6561     0.2286     0.9158    -0.3303     0.0235    -0.3443    -0.9385    -0.9732     0.2068    -0.1002

[Main Branch Set] Branch Segment 4:


        Px         Py         Pz         Tx         Ty         Tz         Nx         Ny         Nz        BNx        BNy        BNz
   20.6591  -150.4853  1695.6561     0.2282     0.9205    -0.3173    -0.0321    -0.3186    -0.9473    -0.9731     0.2264    -0.0432
   20.8331  -149.7820  1695.3871     0.2199     0.8990    -0.3787    -0.2159    -0.3337    -0.9176    -0.9513     0.2836     0.1207
   20.9716  -149.2020  1695.1232     0.2033     0.8794    -0.4305    -0.3544    -0.3438    -0.8696    -0.9127     0.3294     0.2417
   21.0953  -148.6423  1694.8295     0.1799     0.8580    -0.4812    -0.4269    -0.3726    -0.8240    -0.8862     0.3536     0.2992
   21.2022  -148.1010  1694.5071     0.1548     0.8362    -0.5262    -0.4714    -0.4056    -0.7832    -0.8682     0.3693     0.3313
   21.2930  -147.5743  1694.1580     0.1292     0.8130    -0.5677    -0.4786    -0.4503    -0.7538    -0.8685     0.3691     0.3310
   21.3371  -147.2815  1693.9472     0.1133     0.7978    -0.5922    -0.4824    -0.4769    -0.7347    -0.8686     0.3690     0.3308

[Main Branch Set] Branch Segment 5:


        Px         Py         Pz         Tx         Ty         Tz         Nx         Ny         Nz        BNx        BNy        BNz
   21.3371  -147.2815  1693.9472     0.1225     0.8071    -0.5776    -0.4574    -0.4706    -0.7545    -0.8808     0.3566     0.3115
   21.4402  -146.5431  1693.3936     0.1017     0.7852    -0.6108    -0.4689    -0.5036    -0.7256    -0.8774     0.3602     0.3170
   21.5047  -146.0280  1692.9868     0.0950     0.7780    -0.6210    -0.4986    -0.5028    -0.7061    -0.8616     0.3767     0.3402
   21.5672  -145.5080  1692.5701     0.0919     0.7765    -0.6234    -0.9838     0.1678     0.0639     0.1542     0.6074     0.7793
   21.6285  -144.9815  1692.1483     0.0890     0.7784    -0.6214    -0.5406     0.5617     0.6263     0.8366     0.2802     0.4708
   21.6877  -144.4492  1691.7258     0.0841     0.7823    -0.6172    -0.7162     0.4781     0.5085     0.6928     0.3993     0.6005
   21.7426  -143.9135  1691.3059     0.0764     0.7866    -0.6127    -0.8299     0.3908     0.3983     0.5527     0.4781     0.6826
   21.7914  -143.3779  1690.8907     0.0671     0.7896    -0.6099    -0.9724     0.1886     0.1371     0.2233     0.5839     0.7805
   21.8335  -142.8462  1690.4804     0.0582     0.7903    -0.6100    -0.9816    -0.0659    -0.1791    -0.1818     0.6092     0.7719
   21.8703  -142.3215  1690.0740     0.0537     0.7879    -0.6135    -0.1361    -0.6029    -0.7862    -0.9892     0.1257     0.0748
   21.9063  -141.8058  1689.6689     0.0575     0.7819    -0.6207     0.5824    -0.5313    -0.6153    -0.8109    -0.3261    -0.4859
   21.9480  -141.2999  1689.2617     0.0729     0.7722    -0.6312     0.8025    -0.4212    -0.4226    -0.5922    -0.4757    -0.6504
   22.0033  -140.8029  1688.8485     0.0988     0.7597    -0.6427     0.8599    -0.3902    -0.3291    -0.5008    -0.5201    -0.6919
   22.0796  -140.3138  1688.4260     0.1394     0.7415    -0.6563     0.8770    -0.4002    -0.2659    -0.4598    -0.5386    -0.7061
   22.1411  -140.0251  1688.1658     0.1745     0.7250    -0.6662     0.8768    -0.4224    -0.2300    -0.4481    -0.5440    -0.7094

[Main Branch Set] Branch Segment 6:


        Px         Py         Pz         Tx         Ty         Tz         Nx         Ny         Nz        BNx        BNy        BNz
   22.1411  -140.0251  1688.1658     0.1511     0.7353    -0.6607     0.9036    -0.3738    -0.2094    -0.4009    -0.5654    -0.7208
   22.3134  -139.3551  1687.5424     0.2149     0.7032    -0.6777     0.8200    -0.5069    -0.2660    -0.5305    -0.4985    -0.6856
   22.4704  -138.8863  1687.0789     0.2463     0.6804    -0.6902     0.6987    -0.6183    -0.3601    -0.6717    -0.3935    -0.6276
   22.6466  -138.4278  1686.6008     0.2657     0.6572    -0.7053     0.4112    -0.7390    -0.5337    -0.8720    -0.1483    -0.4666
   22.8324  -137.9838  1686.1088     0.2718     0.6327    -0.7251    -0.0288    -0.7478    -0.6633    -0.9619     0.2012    -0.1850
   23.0168  -137.5593  1685.6037     0.2643     0.6060    -0.7503    -0.3343    -0.6722    -0.6606    -0.9047     0.4254     0.0249
   23.1899  -137.1591  1685.0859     0.2455     0.5755    -0.7801    -0.4598    -0.6393    -0.6163    -0.8534     0.5099     0.1077
   23.3450  -136.7871  1684.5557     0.2193     0.5406    -0.8122    -0.5048    -0.6495    -0.5686    -0.8349     0.5347     0.1305
   23.4799  -136.4447  1684.0126     0.1926     0.5027    -0.8427    -0.4536    -0.7160    -0.5307    -0.8702     0.4844     0.0901
   23.5982  -136.1306  1683.4566     0.1735     0.4647    -0.8683    -0.2998    -0.8149    -0.4960    -0.9381     0.3463    -0.0021
   23.7081  -135.8409  1682.8876     0.1688     0.4306    -0.8866     0.1272    -0.9015    -0.4137    -0.9774    -0.0429    -0.2069
   23.8214  -135.5695  1682.3068     0.1824     0.4048    -0.8960     0.7329    -0.6635    -0.1506    -0.6555    -0.6292    -0.4177
   23.9508  -135.3087  1681.7163     0.2133     0.3891    -0.8961     0.9588    -0.2595     0.1155    -0.1876    -0.8839    -0.4285
   24.1075  -135.0510  1681.1196     0.2568     0.3832    -0.8872     0.9632    -0.0264     0.2674     0.0791    -0.9233    -0.3759
   24.2988  -134.7902  1680.5213     0.3059     0.3845    -0.8710     0.9311     0.0701     0.3579     0.1987    -0.9205    -0.3365
   24.5268  -134.5230  1679.9265     0.3531     0.3895    -0.8506     0.8935     0.1292     0.4301     0.2774    -0.9119    -0.3024
   24.7878  -134.2489  1679.3395     0.3925     0.3950    -0.8306     0.8752     0.1174     0.4694     0.2829    -0.9111    -0.2996
   25.0732  -133.9713  1678.7637     0.4208     0.3973    -0.8155     0.8882     0.0021     0.4594     0.1842    -0.9177    -0.3520
   25.3717  -133.6963  1678.2000     0.4366     0.3931    -0.8093     0.7444    -0.6629     0.0796    -0.5052    -0.6372    -0.5820
   25.6714  -133.4322  1677.6469     0.4400     0.3792    -0.8140    -0.1093    -0.8771    -0.4677    -0.8913     0.2948    -0.3445
   25.9627  -133.1876  1677.1003     0.4334     0.3529    -0.8292    -0.2690    -0.8276    -0.4928    -0.8601     0.4366    -0.2637
   26.2405  -132.9704  1676.5542     0.4205     0.3129    -0.8516    -0.2755    -0.8503    -0.4484    -0.8645     0.4232    -0.2713
   26.5049  -132.7861  1676.0019     0.4068     0.2618    -0.8752    -0.2012    -0.9088    -0.3654    -0.8911     0.3248    -0.3170
   26.7614  -132.6370  1675.4372     0.3987     0.2055    -0.8937    -0.0634    -0.9661    -0.2504    -0.9149     0.1565    -0.3722
   27.0190  -132.5220  1674.8563     0.4010     0.1519    -0.9034     0.1658    -0.9819    -0.0915    -0.9009    -0.1131    -0.4189
   27.2884  -132.4368  1674.2580     0.4151     0.1080    -0.9034     0.4685    -0.8765     0.1105    -0.7799    -0.4691    -0.4144
   27.5787  -132.3745  1673.6452     0.4386     0.0773    -0.8953     0.7179    -0.6294     0.2974    -0.5405    -0.7732    -0.3316
   27.8953  -132.3273  1673.0235     0.4671     0.0600    -0.8822     0.8503    -0.3043     0.4295    -0.2427    -0.9507    -0.1931
   28.2378  -132.2872  1672.4012     0.4951     0.0545    -0.8671     0.8687    -0.0117     0.4952     0.0168    -0.9984    -0.0531
   28.5998  -132.2476  1671.7867     0.5171     0.0575    -0.8540     0.8082     0.2957     0.5093     0.2818    -0.9535     0.1064
   28.9697  -132.2042  1671.1869     0.5288     0.0661    -0.8462     0.4539     0.8204     0.3478     0.7171    -0.5680     0.4038
   29.3333  -132.1551  1670.6055     0.5261     0.0769    -0.8469    -0.6615     0.6628    -0.3508     0.5344     0.7449     0.3996
   29.6762  -132.1009  1670.0414     0.5061     0.0863    -0.8581    -0.8478     0.2323    -0.4767     0.1582     0.9688     0.1908
   29.9876  -132.0442  1669.4888     0.4688     0.0905    -0.8787    -0.8827     0.0106    -0.4698    -0.0332     0.9958     0.0849
   30.2627  -131.9890  1668.9378     0.4195     0.0865    -0.9036    -0.8920    -0.1451    -0.4280    -0.1681     0.9856     0.0163
   30.5044  -131.9396  1668.3768     0.3704     0.0732    -0.9260    -0.8627    -0.3424    -0.3722    -0.3443     0.9367    -0.0637
   30.7232  -131.9002  1667.7950     0.3360     0.0525    -0.9404    -0.6749    -0.6830    -0.2793    -0.6570     0.7285    -0.1940
   30.9358  -131.8741  1667.1858     0.3275     0.0281    -0.9444     0.2614    -0.9632     0.0620    -0.9080    -0.2672    -0.3228
   31.1626  -131.8637  1666.5494     0.3483     0.0029    -0.9374     0.7798    -0.5557     0.2881    -0.5201    -0.8313    -0.1958
   31.4236  -131.8706  1665.8948     0.3962    -0.0224    -0.9179     0.8540    -0.3580     0.3774    -0.3371    -0.9334    -0.1227
   31.7357  -131.8962  1665.2402     0.4666    -0.0482    -0.8832     0.8437    -0.2755     0.4608    -0.2655    -0.9601    -0.0879
   32.1091  -131.9416  1664.6111     0.5543    -0.0764    -0.8288     0.7930    -0.2538     0.5538    -0.2526    -0.9642    -0.0801
   32.5463  -132.0087  1664.0379     0.6543    -0.1099    -0.7482     0.7104    -0.2500     0.6579    -0.2594    -0.9620    -0.0855
   33.0420  -132.0996  1663.5505     0.7590    -0.1507    -0.6334     0.5896    -0.2535     0.7669    -0.2761    -0.9555    -0.1035
   33.5848  -132.2168  1663.1743     0.8548    -0.2001    -0.4788     0.4235    -0.2642     0.8665    -0.2999    -0.9435    -0.1411
   34.1596  -132.3632  1662.9243     0.9222    -0.2547    -0.2911     0.2250    -0.2590     0.9393    -0.3146    -0.9317    -0.1816
   34.7515  -132.5407  1662.8026     0.9467    -0.3073    -0.0966     0.0146    -0.2586     0.9659    -0.3217    -0.9158    -0.2403
   35.3481  -132.7501  1662.7960     0.9333    -0.3527     0.0669    -0.1755    -0.2857     0.9421    -0.3132    -0.8911    -0.3285
   35.9421  -132.9906  1662.8770     0.9046    -0.3900     0.1722    -0.3355    -0.4020     0.8520    -0.2630    -0.8284    -0.4945
   36.5320  -133.2589  1663.0072     0.8825    -0.4206     0.2103    -0.4511    -0.8835     0.1261     0.1328    -0.2061    -0.9695
   37.1207  -133.5493  1663.1424     0.8769    -0.4446     0.1826     0.0388    -0.3132    -0.9489     0.4790     0.8392    -0.2574
   37.7139  -133.8542  1663.2393     0.8840    -0.4575     0.0958     0.0850    -0.0443    -0.9954     0.4596     0.8881    -0.0003
   38.3163  -134.1642  1663.2621     0.8908    -0.4532    -0.0336     0.0134     0.0999    -0.9949     0.4543     0.8858     0.0951
   38.9285  -134.4692  1663.1888     0.8850    -0.4298    -0.1790    -0.0917     0.2162    -0.9720     0.4565     0.8767     0.1519
   39.5444  -134.7590  1663.0141     0.8645    -0.3931    -0.3132    -0.1976     0.3073    -0.9309     0.4622     0.8666     0.1879
   40.1494  -135.0242  1662.7515     0.8361    -0.3527    -0.4201    -0.2817     0.3810    -0.8806     0.4707     0.8546     0.2192
   40.7211  -135.2565  1662.4307     0.8075    -0.3158    -0.4982    -0.3455     0.4313    -0.8334     0.4781     0.8451     0.2391
   41.2311  -135.4493  1662.0931     0.7833    -0.2861    -0.5520    -0.3876     0.4694    -0.7933     0.4861     0.8353     0.2568
   41.6489  -135.5977  1661.7852     0.7649    -0.2641    -0.5876    -0.4151     0.4956    -0.7630     0.4927     0.8275     0.2694
   42.0233  -135.7237  1661.4878     0.7497    -0.2459    -0.6144    -0.4319     0.5216    -0.7358     0.5014     0.8170     0.2848

[Main Branch Set] Branch Segment 7:


        Px         Py         Pz         Tx         Ty         Tz         Nx         Ny         Nz        BNx        BNy        BNz
   61.1923  -161.7154  1669.9376    -0.3213     0.9433    -0.0831    -0.5873    -0.1296     0.7989     0.7428     0.3055     0.5957
   61.0111  -161.1998  1669.8993    -0.3406     0.9386    -0.0557    -0.5537    -0.1524     0.8186     0.7599     0.3097     0.5716
   60.8039  -160.6495  1669.8768    -0.3640     0.9312    -0.0196    -0.5213    -0.1862     0.8328     0.7718     0.3134     0.5532
   60.5440  -160.0156  1669.8808    -0.3954     0.9179     0.0339    -0.4702    -0.2340     0.8510     0.7890     0.3205     0.5241
   60.2438  -159.3589  1669.9317    -0.4349     0.8937     0.1106    -0.4125    -0.3069     0.8577     0.8004     0.3274     0.5021
   59.9161  -158.7311  1670.0463    -0.4785     0.8517     0.2137    -0.3204    -0.3959     0.8606     0.8176     0.3433     0.4623
   59.5737  -158.1672  1670.2347    -0.5176     0.7856     0.3391    -0.2140    -0.5025     0.8376     0.8284     0.3610     0.4282
   59.2269  -157.6820  1670.4987    -0.5415     0.6971     0.4698    -0.0858    -0.6018     0.7940     0.8363     0.3897     0.3857
   58.8828  -157.2715  1670.8322    -0.5450     0.6041     0.5815     0.0434    -0.6722     0.7391     0.8373     0.4280     0.3401
   58.5445  -156.9179  1671.2221    -0.5346     0.5308     0.6576     0.1675    -0.6961     0.6981     0.8284     0.4833     0.2832
   58.2109  -156.5971  1671.6520    -0.5221     0.4906     0.6976     0.3020    -0.6587     0.6892     0.7976     0.5705     0.1958
   57.8779  -156.2869  1672.1048    -0.5171     0.4797     0.7089    -0.2948     0.6777    -0.6737    -0.8036    -0.5573    -0.2090
   57.5392  -155.9728  1672.5658    -0.5226     0.4838     0.7020    -0.5870     0.3929    -0.7078    -0.6183    -0.7820     0.0787
   57.1891  -155.6517  1673.0255    -0.5383     0.4859     0.6886    -0.8221    -0.1230    -0.5559    -0.1854    -0.8653     0.4657
   56.8233  -155.3317  1673.4801    -0.5619     0.4722     0.6792    -0.7262    -0.6748    -0.1315     0.3962    -0.5671     0.7221
   56.4413  -155.0290  1673.9314    -0.5883     0.4345     0.6820    -0.4500    -0.8766     0.1704     0.6719    -0.2066     0.7112
   56.0463  -154.7628  1674.3852    -0.6111     0.3699     0.6998    -0.2233    -0.9287     0.2959     0.7594     0.0246     0.6501
   55.6449  -154.5499  1674.8493    -0.6217     0.2820     0.7307    -0.0184    -0.9379     0.3463     0.7830     0.2018     0.5883
   55.2462  -154.4003  1675.3314    -0.6142     0.1821     0.7679     0.1557    -0.9260     0.3441     0.7737     0.3308     0.5403
   54.8590  -154.3149  1675.8365    -0.5884     0.0858     0.8040     0.3320    -0.8810     0.3371     0.7372     0.4653     0.4899
   54.4907  -154.2860  1676.3662    -0.5506     0.0079     0.8347     0.5006    -0.7970     0.3378     0.6680     0.6039     0.4349
   54.1450  -154.2993  1676.9183    -0.5110    -0.0442     0.8585     0.6533    -0.6690     0.3545     0.5586     0.7420     0.3707
   53.8212  -154.3383  1677.4872    -0.4782    -0.0708     0.8754     0.8075    -0.4274     0.4066     0.3454     0.9013     0.2615
   53.5146  -154.3878  1678.0656    -0.4584    -0.0774     0.8854     0.8808     0.0931     0.4642    -0.1184     0.9926     0.0255
   53.2171  -154.4372  1678.6457    -0.4542    -0.0725     0.8879    -0.3850     0.9148    -0.1223    -0.8034    -0.3974    -0.4434
   52.9196  -154.4818  1679.2208    -0.4649    -0.0654     0.8830    -0.8568     0.2845    -0.4300    -0.2231    -0.9564    -0.1883
   52.6134  -154.5229  1679.7862    -0.4871    -0.0636     0.8710    -0.8681    -0.0738    -0.4909     0.0955    -0.9952    -0.0192
   52.2921  -154.5656  1680.3395    -0.5154    -0.0715     0.8539    -0.7865    -0.3561    -0.5045     0.3401    -0.9317     0.1273
   51.9523  -154.6167  1680.8807    -0.5443    -0.0895     0.8341    -0.6748    -0.5440    -0.4987     0.4983    -0.8343     0.2357
   51.5939  -154.6820  1681.4108    -0.5689    -0.1144     0.8144    -0.5417    -0.6930    -0.4757     0.6188    -0.7118     0.3323
   51.2196  -154.7648  1681.9318    -0.5873    -0.1416     0.7969    -0.4403    -0.7702    -0.4614     0.6791    -0.6218     0.3901
   50.8330  -154.8653  1682.4453    -0.6002    -0.1666     0.7823    -0.3647    -0.8134    -0.4531     0.7119    -0.5573     0.4275
   50.4382  -154.9809  1682.9519    -0.6093    -0.1867     0.7706    -0.3681    -0.7942    -0.4834     0.7023    -0.5783     0.4152
   50.0379  -155.1078  1683.4517    -0.6170    -0.2013     0.7608    -0.4417    -0.7115    -0.5465     0.6513    -0.6732     0.3501
   49.6337  -155.2424  1683.9440    -0.6248    -0.2117     0.7516    -0.5363    -0.5833    -0.6101     0.5675    -0.7842     0.2509
   49.2257  -155.3824  1684.4283    -0.6337    -0.2199     0.7416    -0.5979    -0.4690    -0.6500     0.4908    -0.8554     0.1657
   48.8129  -155.5272  1684.9042    -0.6434    -0.2283     0.7307    -0.5479    -0.5292    -0.6478     0.5346    -0.8172     0.2154
   48.3947  -155.6776  1685.3723    -0.6522    -0.2378     0.7197    -0.4924    -0.5889    -0.6408     0.5763    -0.7724     0.2670
   47.9705  -155.8346  1685.8344    -0.6594    -0.2478     0.7098    -0.4114    -0.6713    -0.6165     0.6292    -0.6986     0.3407
   47.5407  -155.9983  1686.2927    -0.6640    -0.2559     0.7026    -0.3532    -0.7208    -0.5964     0.6590    -0.6442     0.3882
   47.1066  -156.1665  1686.7497    -0.6667    -0.2585     0.6991    -0.7382     0.3588    -0.5713    -0.1031    -0.8969    -0.4301
   46.6692  -156.3344  1687.2074    -0.6689    -0.2525     0.6992    -0.1802     0.9676     0.1771    -0.7212    -0.0075    -0.6927
   46.2294  -156.4951  1687.6670    -0.6722    -0.2351     0.7021    -0.1807     0.9717     0.1524    -0.7180    -0.0245    -0.6956
   45.7868  -156.6400  1688.1284    -0.6787    -0.2048     0.7052    -0.2274     0.9717     0.0633    -0.6983    -0.1174    -0.7061
   45.3400  -156.7606  1688.5898    -0.6891    -0.1622     0.7062    -0.2402     0.9707    -0.0114    -0.6837    -0.1775    -0.7079
   44.8869  -156.8496  1689.0489    -0.7030    -0.1098     0.7027    -0.2634     0.9580    -0.1138    -0.6606    -0.2651    -0.7023
   44.4252  -156.9022  1689.5023    -0.7194    -0.0516     0.6927    -0.2694     0.9399    -0.2098    -0.6402    -0.3376    -0.6900
   43.9529  -156.9165  1689.9469    -0.7362     0.0072     0.6768    -0.2622     0.9189    -0.2949    -0.6239    -0.3945    -0.6746
   43.4695  -156.8938  1690.3802    -0.7517     0.0617     0.6567    -0.2543     0.8915    -0.3748    -0.6085    -0.4488    -0.6544
   42.9756  -156.8380  1690.8007    -0.7650     0.1081     0.6349    -0.2508     0.8580    -0.4482    -0.5932    -0.5021    -0.6293
   42.4728  -156.7553  1691.2081    -0.7760     0.1434     0.6143    -0.2767     0.7978    -0.5357    -0.5669    -0.5856    -0.5794
   41.9631  -156.6538  1691.6030    -0.7856     0.1653     0.5962    -0.3905     0.6150    -0.6850    -0.4799    -0.7710    -0.4187
   41.4478  -156.5431  1691.9868    -0.7951     0.1715     0.5817    -0.6045    -0.1473    -0.7828    -0.0485    -0.9741     0.2208
   40.9270  -156.4344  1692.3617    -0.8055     0.1593     0.5707    -0.4214    -0.8311    -0.3629     0.4166    -0.5328     0.7366
   40.4000  -156.3404  1692.7298    -0.8167     0.1265     0.5630    -0.2418    -0.9609    -0.1349     0.5239    -0.2463     0.8154
   39.8660  -156.2748  1693.0938    -0.8268     0.0718     0.5579    -0.1302    -0.9893    -0.0658     0.5472    -0.1271     0.8273
   39.3258  -156.2517  1693.4559    -0.8317    -0.0041     0.5552    -0.0054    -0.9999    -0.0154     0.5552    -0.0158     0.8315
   38.7833  -156.2842  1693.8189    -0.8256    -0.0980     0.5557     0.1302    -0.9913     0.0186     0.5491     0.0877     0.8311
   38.2472  -156.3832  1694.1852    -0.8030    -0.2047     0.5598     0.2790    -0.9590     0.0495     0.5267     0.1959     0.8272
   37.7310  -156.5554  1694.5569    -0.7586    -0.3183     0.5686     0.4411    -0.8931     0.0885     0.4796     0.3179     0.8179
   37.2528  -156.8029  1694.9358    -0.6886    -0.4324     0.5822     0.5927    -0.7981     0.1083     0.4178     0.4196     0.8058
   36.8320  -157.1219  1695.3224    -0.5915    -0.5402     0.5986     0.7296    -0.6746     0.1122     0.3432     0.5031     0.7931
   36.4863  -157.5042  1695.7163    -0.4694    -0.6345     0.6140     0.8381    -0.5391     0.0837     0.2779     0.5538     0.7849
   36.2274  -157.9381  1696.1154    -0.3325    -0.7079     0.6231     0.9157    -0.4003     0.0339     0.2255     0.5819     0.7814
   36.0576  -158.4105  1696.5166    -0.1975    -0.7571     0.6228     0.9590    -0.2810    -0.0375     0.2034     0.5898     0.7815
   35.9683  -158.9091  1696.9160    -0.0849    -0.7849     0.6138     0.9734    -0.1968    -0.1171     0.2127     0.5876     0.7807
   35.9396  -159.4235  1697.3102    -0.0111    -0.7992     0.6010     0.9501    -0.1958    -0.2428     0.3117     0.5683     0.7615
   35.9436  -159.9461  1697.6970     0.0151    -0.8077     0.5894     0.0912    -0.5859    -0.8053     0.9957     0.0659     0.0648
   35.9485  -160.4714  1698.0766    -0.0080    -0.8124     0.5831    -0.9970    -0.0382    -0.0670     0.0767    -0.5819    -0.8096
   35.9240  -160.9943  1698.4521    -0.0746    -0.8087     0.5835    -0.9923     0.1182     0.0370    -0.0989    -0.5763    -0.8113
   35.8462  -161.5089  1698.8293    -0.1707    -0.7884     0.5910    -0.9543     0.2816     0.1001    -0.2453    -0.5469    -0.8004
   35.7014  -162.0062  1699.2161    -0.2768    -0.7455     0.6064    -0.8761     0.4550     0.1594    -0.3947    -0.4871    -0.7790
   35.4870  -162.4737  1699.6205    -0.3754    -0.6791     0.6307    -0.7382     0.6306     0.2396    -0.5604    -0.3757    -0.7381
   35.2102  -162.8957  1700.0491    -0.4567    -0.5917     0.6644    -0.5642     0.7700     0.2979    -0.6878    -0.2388    -0.6855
   34.8840  -163.2557  1700.5049    -0.5189    -0.4854     0.7036    -0.3968     0.8659     0.3047    -0.7571    -0.1211    -0.6419
   34.5227  -163.5386  1700.9857    -0.5653    -0.3626     0.7409    -0.2828     0.9290     0.2389    -0.7749    -0.0744    -0.6277
   34.1373  -163.7342  1701.4833    -0.6025    -0.2290     0.7646    -0.2438     0.9650     0.0969    -0.7600    -0.1280    -0.6372
   33.7323  -163.8397  1701.9837    -0.6389    -0.0948     0.7634    -0.2787     0.9535    -0.1148    -0.7170    -0.2861    -0.6356
   33.3052  -163.8609  1702.4688    -0.6830     0.0260     0.7299    -0.3813     0.8397    -0.3867    -0.6229    -0.5424    -0.5636
   32.8477  -163.8121  1702.9188    -0.7400     0.1203     0.6617    -0.4818     0.5918    -0.6463    -0.4694    -0.7971    -0.3800
   32.3500  -163.7137  1703.3144    -0.8071     0.1788     0.5626    -0.5070     0.2783    -0.8158    -0.3024    -0.9437    -0.1340
   31.8050  -163.5894  1703.6402    -0.8753     0.1990     0.4408    -0.4478     0.0112    -0.8941    -0.1828    -0.9799     0.0793
   31.2119  -163.4617  1703.8858    -0.9327     0.1861     0.3091    -0.3429    -0.1913    -0.9197    -0.1120    -0.9637     0.2422
   30.5785  -163.3492  1704.0477    -0.9721     0.1501     0.1802    -0.2207    -0.3254    -0.9195    -0.0794    -0.9336     0.3494
   29.9206  -163.2643  1704.1279    -0.9928     0.1028     0.0620    -0.0990    -0.4099    -0.9067    -0.0678    -0.9063     0.4171
   29.2582  -163.2127  1704.1334    -0.9977     0.0523    -0.0437     0.0155    -0.4505    -0.8927    -0.0664    -0.8913     0.4486
   28.6111  -163.1946  1704.0736    -0.9903     0.0037    -0.1391     0.1223    -0.4544    -0.8823    -0.0665    -0.8908     0.4496
   27.9931  -163.2067  1703.9583    -0.9730    -0.0420    -0.2269     0.2208    -0.4551    -0.8626    -0.0670    -0.8894     0.4521
   27.4082  -163.2454  1703.7958    -0.9483    -0.0848    -0.3058     0.3093    -0.4625    -0.8309    -0.0710    -0.8826     0.4648
   26.8491  -163.3081  1703.5925    -0.9202    -0.1244    -0.3711     0.3794    -0.5163    -0.7678    -0.0960    -0.8473     0.5223
   26.2995  -163.3948  1703.3524    -0.8945    -0.1607    -0.4173     0.4177    -0.6334    -0.6514    -0.1596    -0.7569     0.6337
   25.7388  -163.5071  1703.0789    -0.8762    -0.1925    -0.4418     0.3806    -0.8388    -0.3893    -0.2957    -0.5092     0.8082
   25.1495  -163.6468  1702.7768    -0.8665    -0.2190    -0.4485     0.2361    -0.9716     0.0183    -0.4397    -0.0901     0.8936
   24.5243  -163.8131  1702.4535    -0.8632    -0.2396    -0.4444     0.0438    -0.9124     0.4069    -0.5030     0.3317     0.7981
   23.8715  -164.0011  1702.1210    -0.8633    -0.2576    -0.4341    -0.0425    -0.8199     0.5710    -0.5029     0.5114     0.6968
   23.2171  -164.1999  1701.7959    -0.8655    -0.2634    -0.4261    -0.4899     0.6229     0.6099     0.1048     0.7366    -0.6682
   22.6023  -164.3938  1701.4984    -0.8649    -0.2939    -0.4068     0.0608    -0.8660     0.4964    -0.4982     0.4046     0.7669
   22.0776  -164.5634  1701.2501    -0.8729    -0.2325    -0.4290    -0.0693     0.9293    -0.3627     0.4830    -0.2868    -0.8273
   21.6024  -164.6529  1701.0033    -0.8731    -0.1002    -0.4771     0.0669     0.9448    -0.3208     0.4829    -0.3120    -0.8182
   20.9454  -164.6687  1700.6203    -0.8488     0.0529    -0.5261     0.2340     0.9298    -0.2840     0.4741    -0.3642    -0.8016

[Main Branch Set] Branch Segment 8:


        Px         Py         Pz         Tx         Ty         Tz         Nx         Ny         Nz        BNx        BNy        BNz
   60.1039  -204.7507  1680.6830    -0.7774     0.1938     0.5984     0.6262     0.3272     0.7077    -0.0587     0.9249    -0.3757
   59.7493  -204.6598  1680.9621    -0.7628     0.2013     0.6145     0.6436     0.3281     0.6915    -0.0624     0.9229    -0.3799
   59.3763  -204.5580  1681.2707    -0.7447     0.2104     0.6334     0.6642     0.3271     0.6722    -0.0658     0.9213    -0.3834
   58.9529  -204.4330  1681.6437    -0.7196     0.2224     0.6578     0.6911     0.3215     0.6473    -0.0675     0.9204    -0.3850
   58.5203  -204.2919  1682.0567    -0.6873     0.2371     0.6866     0.7226     0.3197     0.6129    -0.0742     0.9174    -0.3910
   58.1089  -204.1410  1682.4882    -0.6496     0.2541     0.7166     0.7530     0.3454     0.5601    -0.1052     0.9034    -0.4157
   57.7346  -203.9844  1682.9218    -0.6110     0.2740     0.7427     0.7663     0.4400     0.4681    -0.1986     0.8552    -0.4788
   57.3984  -203.8228  1683.3473    -0.5786     0.2983     0.7591     0.6863     0.6809     0.2556    -0.4406     0.6689    -0.5987
   57.0908  -203.6531  1683.7600    -0.5588     0.3294     0.7611     0.3368     0.9288    -0.1547    -0.7579     0.1699    -0.6299
   56.7978  -203.4686  1684.1595    -0.5513     0.3708     0.7474     0.0491     0.9087    -0.4146    -0.8329    -0.1919    -0.5191
   56.5081  -203.2596  1684.5467    -0.5482     0.4245     0.7206     0.0571     0.8786    -0.4742    -0.8344    -0.2188    -0.5059
   56.2177  -203.0159  1684.9221    -0.5381     0.4907     0.6853     0.2004     0.8642    -0.4614    -0.8187    -0.1109    -0.5634
   55.9314  -202.7283  1685.2841    -0.5112     0.5679     0.6451     0.3781     0.8227    -0.4246    -0.7719     0.0268    -0.6352
   55.6610  -202.3911  1685.6289    -0.4629     0.6517     0.6008     0.5203     0.7485    -0.4111    -0.7176     0.1223    -0.6856
   55.4205  -202.0033  1685.9512    -0.3947     0.7348     0.5516     0.6292     0.6536    -0.4205    -0.6696     0.1811    -0.7203
   55.2212  -201.5693  1686.2460    -0.3141     0.8086     0.4975     0.6898     0.5544    -0.4656    -0.6523     0.1970    -0.7319
   55.0672  -201.0975  1686.5100    -0.2353     0.8658     0.4416     0.7111     0.4631    -0.5290    -0.6626     0.1896    -0.7246
   54.9534  -200.5994  1686.7435    -0.1737     0.9040     0.3907     0.6673     0.3998    -0.6284    -0.7243     0.1516    -0.6726
   54.8669  -200.0866  1686.9506    -0.1408     0.9255     0.3516     0.4258     0.3773    -0.8224    -0.8938     0.0339    -0.4472
   54.7901  -199.5690  1687.1391    -0.1406     0.9338     0.3290    -0.7425     0.1203    -0.6589    -0.6549    -0.3370     0.6765
   54.7058  -199.0534  1687.3187    -0.1686     0.9309     0.3241    -0.9734    -0.2090     0.0938     0.1551    -0.2996     0.9414
   54.6008  -198.5433  1687.4997    -0.2139     0.9178     0.3346    -0.8970    -0.3201     0.3048     0.3869    -0.2349     0.8917
   54.4685  -198.0398  1687.6909    -0.2626     0.8967     0.3563    -0.7964    -0.4100     0.4447     0.5448    -0.1670     0.8218
   54.3087  -197.5436  1687.8987    -0.3050     0.8712     0.3847    -0.6801    -0.4821     0.5523     0.6666    -0.0932     0.7396
   54.1256  -197.0568  1688.1260    -0.3388     0.8436     0.4165    -0.5656    -0.5364     0.6264     0.7519    -0.0234     0.6589
   53.9240  -196.5845  1688.3732    -0.3685     0.8127     0.4514    -0.5112    -0.5827     0.6318     0.7765     0.0021     0.6302
   53.7064  -196.1354  1688.6390    -0.4027     0.7736     0.4892    -0.5457    -0.6320     0.5502     0.7348    -0.0454     0.6767
   53.4711  -195.7207  1688.9213    -0.4490     0.7193     0.5302    -0.5685    -0.6877     0.4516     0.6894    -0.0987     0.7177
   53.2131  -195.3522  1689.2186    -0.5104     0.6421     0.5720    -0.5690    -0.7509     0.3352     0.6448    -0.1543     0.7486
   52.9252  -195.0391  1689.5305    -0.5812     0.5402     0.6086    -0.5211    -0.8215     0.2315     0.6250    -0.1825     0.7590
   52.6021  -194.7857  1689.8573    -0.6471     0.4241     0.6336    -0.4467    -0.8843     0.1358     0.6179    -0.1952     0.7617
   52.2429  -194.5896  1690.1991    -0.6956     0.3146     0.6458    -0.3572    -0.9315     0.0690     0.6233    -0.1827     0.7603
   51.8523  -194.4413  1690.5553    -0.7233     0.2316     0.6506    -0.2661    -0.9628     0.0468     0.6372    -0.1393     0.7580
   51.4402  -194.3257  1690.9234    -0.7343     0.1842     0.6534    -0.1520    -0.9826     0.1062     0.6616    -0.0213     0.7495
   51.0191  -194.2251  1691.2986    -0.7344     0.1726     0.6564     0.5379     0.7379     0.4077    -0.4140     0.6524    -0.6348
   50.6007  -194.1222  1691.6744    -0.7286     0.1919     0.6575     0.2286     0.9730    -0.0306    -0.6456     0.1280    -0.7528
   50.1923  -194.0033  1692.0438    -0.7211     0.2331     0.6524     0.1467     0.9717    -0.1850    -0.6771    -0.0377    -0.7350
   49.7955  -193.8606  1692.4005    -0.7164     0.2843     0.6371     0.0384     0.9279    -0.3708    -0.6966    -0.2412    -0.6757
   49.4057  -193.6924  1692.7405    -0.7180     0.3327     0.6113    -0.1001     0.8198    -0.5638    -0.6888    -0.4660    -0.5553
   49.0152  -193.5021  1693.0628    -0.7269     0.3678     0.5799    -0.2905     0.6005    -0.7450    -0.6223    -0.7100    -0.3297
   48.6159  -193.2963  1693.3701    -0.7406     0.3855     0.5503    -0.4687     0.2904    -0.8342    -0.4814    -0.8758    -0.0344
   48.2033  -193.0820  1693.6676    -0.7537     0.3890     0.5297    -0.6108    -0.1174    -0.7830    -0.2424    -0.9137     0.3261
   47.7781  -192.8646  1693.9618    -0.7610     0.3858     0.5216    -0.5738    -0.7755    -0.2635     0.3028    -0.4998     0.8115
   47.3462  -192.6464  1694.2586    -0.7590     0.3836     0.5261     0.5672    -0.0074     0.8236     0.3199     0.9234    -0.2120
   46.9168  -192.4271  1694.5618    -0.7473     0.3878     0.5395     0.6604     0.3448     0.6670     0.0727     0.8548    -0.5138
   46.4983  -192.2043  1694.8719    -0.7294     0.4000     0.5550     0.6767     0.5410     0.4994    -0.1005     0.7398    -0.6652
   46.0953  -191.9755  1695.1859    -0.7108     0.4183     0.5655     0.6234     0.7470     0.2311    -0.3258     0.5168    -0.7917
   45.7063  -191.7389  1695.4987    -0.6995     0.4381     0.5646     0.2522     0.8906    -0.3785    -0.6686    -0.1224    -0.7335
   45.3237  -191.4948  1695.8039    -0.7023     0.4533     0.5489    -0.3861     0.4053    -0.8286    -0.5981    -0.7939    -0.1096
   44.9365  -191.2452  1696.0960    -0.7194     0.4604     0.5201    -0.5563     0.0666    -0.8283    -0.4160    -0.8852     0.2082
   44.5346  -190.9921  1696.3721    -0.7441     0.4598     0.4847    -0.5821    -0.0901    -0.8081    -0.3279    -0.8834     0.3346
   44.1134  -190.7369  1696.6326    -0.7665     0.4566     0.4517    -0.5343    -0.0630    -0.8430    -0.3564    -0.8874     0.2922
   43.6763  -190.4783  1696.8812    -0.7766     0.4600     0.4304    -0.1065     0.5776    -0.8094    -0.6209    -0.6744    -0.3996
   43.2358  -190.2121  1697.1245    -0.7671     0.4783     0.4276     0.5972     0.7758     0.2036    -0.2344     0.4116    -0.8807
   42.8104  -189.9318  1697.3703    -0.7320     0.5162     0.4445     0.6728     0.6503     0.3527    -0.1070     0.5573    -0.8234
   42.4199  -189.6301  1697.6258    -0.6676     0.5718     0.4768     0.7407     0.5749     0.3477    -0.0753     0.5853    -0.8073
   42.0793  -189.3013  1697.8964    -0.5771     0.6333     0.5156     0.8152     0.4842     0.3177    -0.0485     0.6037    -0.7958
   41.7943  -188.9439  1698.1852    -0.4770     0.6851     0.5505     0.8785     0.3913     0.2742    -0.0276     0.6144    -0.7885
   41.5586  -188.5614  1698.4923    -0.3945     0.7159     0.5761     0.9167     0.2634     0.3005     0.0633     0.6466    -0.7602
   41.3548  -188.1634  1698.8157    -0.3519     0.7225     0.5951     0.7271    -0.1894     0.6599     0.5895     0.6649    -0.4587
   41.1593  -187.7637  1699.1525    -0.3567     0.7062     0.6116    -0.6674    -0.6507     0.3621     0.6537    -0.2791     0.7034
   40.9479  -187.3781  1699.4995    -0.4041     0.6662     0.6268    -0.7674    -0.6199     0.1641     0.4979    -0.4147     0.7617
   40.7018  -187.0214  1699.8544    -0.4766     0.6036     0.6392    -0.7311    -0.6759     0.0931     0.4882    -0.4230     0.7634
   40.4127  -186.7040  1700.2158    -0.5520     0.5253     0.6475    -0.6508    -0.7569     0.0592     0.5212    -0.3888     0.7597
   40.0830  -186.4306  1700.5831    -0.6123     0.4445     0.6539    -0.5333    -0.8427     0.0735     0.5837    -0.3037     0.7530
   39.7244  -186.1991  1700.9560    -0.6487     0.3750     0.6623    -0.3650    -0.9169     0.1616     0.6678    -0.1370     0.7316
   39.3527  -186.0021  1701.3339    -0.6624     0.3255     0.6747    -0.0920    -0.9292     0.3579     0.7435     0.1750     0.6455
   38.9824  -185.8285  1701.7154    -0.6596     0.2989     0.6896     0.3836    -0.6551     0.6509     0.6463     0.6939     0.3174
   38.6221  -185.6664  1702.0988    -0.6487     0.2931     0.7024     0.7607     0.2188     0.6112     0.0255     0.9307    -0.3649
   38.2729  -185.5053  1702.4819    -0.6389     0.3023     0.7074     0.4241     0.9056    -0.0040    -0.6419     0.2975    -0.7068
   37.9288  -185.3378  1702.8628    -0.6374     0.3188     0.7015    -0.1741     0.8273    -0.5341    -0.7506    -0.4626    -0.4718
   37.5806  -185.1598  1703.2402    -0.6452     0.3357     0.6863    -0.4361     0.5757    -0.6917    -0.6273    -0.7456    -0.2250
   37.2206  -184.9702  1703.6140    -0.6582     0.3502     0.6664    -0.4965     0.4635    -0.7339    -0.5659    -0.8140    -0.1312
   36.8461  -184.7691  1703.9838    -0.6703     0.3637     0.6468    -0.3967     0.5610    -0.7265    -0.6272    -0.7436    -0.2318
   36.4606  -184.5565  1704.3490    -0.6763     0.3806     0.6307    -0.0870     0.8089    -0.5815    -0.7315    -0.4482    -0.5139
   36.0728  -184.3314  1704.7065    -0.6749     0.4062     0.6160     0.1414     0.8905    -0.4324    -0.7242    -0.2047    -0.6585
   35.6922  -184.0914  1705.0501    -0.6691     0.4438     0.5960     0.1335     0.8608    -0.4912    -0.7311    -0.2491    -0.6352
   35.3238  -183.8331  1705.3702    -0.6662     0.4937     0.5590    -0.0055     0.7463    -0.6656    -0.7458    -0.4465    -0.4945
   34.9648  -183.5537  1705.6535    -0.6763     0.5489     0.4913    -0.1789     0.5246    -0.8323    -0.7146    -0.6507    -0.2566
   34.6027  -183.2525  1705.8855    -0.7057     0.5948     0.3850    -0.2814     0.2634    -0.9228    -0.6503    -0.7595    -0.0185
   34.2186  -182.9318  1706.0531    -0.7505     0.6134     0.2461    -0.3132    -0.0023    -0.9497    -0.5820    -0.7898     0.1938
   33.7930  -182.5981  1706.1470    -0.7972     0.5956     0.0989    -0.2881    -0.2314    -0.9292    -0.5306    -0.7692     0.3561
   33.3141  -182.2615  1706.1656    -0.8344     0.5504    -0.0289    -0.2473    -0.4206    -0.8729    -0.4926    -0.7212     0.4871
   32.7849  -181.9351  1706.1160    -0.8593     0.4965    -0.1232    -0.2060    -0.5563    -0.8050    -0.4682    -0.6664     0.5803
   32.2276  -181.6335  1706.0144    -0.8762     0.4426    -0.1907    -0.1802    -0.6678    -0.7222    -0.4470    -0.5984     0.6649
   31.6827  -181.3715  1705.8845    -0.8841     0.4120    -0.2205    -0.2291    -0.7935    -0.5639    -0.4073    -0.4480     0.7959
   31.2035  -181.1623  1705.7536    -0.8947     0.3463    -0.2821    -0.0686    -0.7307    -0.6792    -0.4413    -0.5884     0.6776
   30.8011  -181.0276  1705.6080    -0.8954     0.2552    -0.3648     0.0585    -0.7449    -0.6646    -0.4414    -0.6164     0.6521
   30.3109  -180.9151  1705.3815    -0.8776     0.1544    -0.4538     0.2045    -0.7357    -0.6458    -0.4335    -0.6595     0.6141

[Main Branch Set] Branch Segment 9:


        Px         Py         Pz         Tx         Ty         Tz         Nx         Ny         Nz        BNx        BNy        BNz
   41.6478  -171.0502  1698.2236    -0.9005     0.0111     0.4347     0.3944     0.4416     0.8059    -0.1831     0.8971    -0.4021
   41.3439  -171.0440  1698.3757    -0.8872     0.0258     0.4606     0.4196     0.4598     0.7826    -0.1916     0.8876    -0.4188
   41.0222  -171.0313  1698.5497    -0.8703     0.0440     0.4906     0.4504     0.4746     0.7562    -0.1996     0.8791    -0.4329
   40.6549  -171.0074  1698.7676    -0.8461     0.0681     0.5287     0.4956     0.4660     0.7330    -0.1965     0.8822    -0.4280
   40.2765  -170.9700  1699.0183    -0.8143     0.0966     0.5724     0.5453     0.4656     0.6971    -0.1992     0.8797    -0.4318
   39.9136  -170.9192  1699.2893    -0.7774     0.1261     0.6162     0.5982     0.4511     0.6623    -0.1944     0.8835    -0.4261
   39.5804  -170.8583  1699.5678    -0.7431     0.1503     0.6521     0.6452     0.4195     0.6385    -0.1776     0.8952    -0.4087
   39.2777  -170.7935  1699.8423    -0.7235     0.1597     0.6716     0.6751    -0.0401     0.7367     0.1445     0.9864    -0.0788
   38.9958  -170.7333  1700.1038    -0.7303     0.1449     0.6676    -0.5427    -0.7166    -0.4381     0.4149    -0.6822     0.6020
   38.7192  -170.6866  1700.3469    -0.7638     0.1014     0.6375    -0.5170    -0.6874    -0.5101     0.3865    -0.7192     0.5774
   38.4330  -170.6614  1700.5703    -0.8087     0.0340     0.5873    -0.4262    -0.7221    -0.5450     0.4055    -0.6910     0.5984
   38.1271  -170.6632  1700.7768    -0.8452    -0.0438     0.5326    -0.2863    -0.8044    -0.5206     0.4512    -0.5925     0.6674
   37.7998  -170.6945  1700.9718    -0.8632    -0.1175     0.4910    -0.1098    -0.9056    -0.4097     0.4928    -0.4076     0.7688
   37.4567  -170.7540  1701.1620    -0.8633    -0.1802     0.4715     0.1329    -0.9823    -0.1322     0.4869    -0.0515     0.8719
   37.1087  -170.8380  1701.3532    -0.8495    -0.2315     0.4741     0.3861    -0.8852     0.2596     0.3596     0.4036     0.8413
   36.7676  -170.9407  1701.5493    -0.8271    -0.2721     0.4918     0.5084    -0.7351     0.4484     0.2395     0.6209     0.7464
   36.4410  -171.0562  1701.7506    -0.8033    -0.3028     0.5128     0.5681    -0.6481     0.5073     0.1787     0.6988     0.6926
   36.1302  -171.1790  1701.9541    -0.7874    -0.3233     0.5249     0.4988    -0.8344     0.2344     0.3622     0.4463     0.8183
   35.8290  -171.3050  1702.1543    -0.7891    -0.3327     0.5163    -0.4999    -0.1405    -0.8546     0.3569    -0.9325    -0.0555
   35.5257  -171.4314  1702.3448    -0.8110    -0.3311     0.4824    -0.5444     0.1246    -0.8295     0.2145    -0.9353    -0.2813
   35.2073  -171.5567  1702.5204    -0.8456    -0.3186     0.4283    -0.5096     0.2426    -0.8255     0.1591    -0.9163    -0.3675
   34.8638  -171.6794  1702.6787    -0.8804    -0.2976     0.3692    -0.4599     0.3462    -0.8177     0.1156    -0.8897    -0.4417
   34.4925  -171.7978  1702.8217    -0.9061    -0.2724     0.3237    -0.4229     0.5591    -0.7131     0.0133    -0.7831    -0.6218
   34.0995  -171.9092  1702.9559    -0.9197    -0.2459     0.3061    -0.2680     0.9629    -0.0317    -0.2869    -0.1112    -0.9515
   33.6994  -172.0102  1703.0914    -0.9203    -0.2189     0.3242     0.1385     0.5927     0.7934    -0.3659     0.7751    -0.5151
   33.3115  -172.0969  1703.2401    -0.9038    -0.1884     0.3843     0.2993     0.3636     0.8821    -0.3059     0.9123    -0.2722
   32.9554  -172.1654  1703.4139    -0.8602    -0.1502     0.4873     0.4295     0.3015     0.8512    -0.2748     0.9416    -0.1949
   32.6453  -172.2132  1703.6216    -0.7778    -0.1009     0.6204     0.5706     0.3005     0.7643    -0.2635     0.9484    -0.1761
   32.3864  -172.2394  1703.8680    -0.6605    -0.0445     0.7495     0.7033     0.3127     0.6384    -0.2628     0.9488    -0.1753
   32.1733  -172.2456  1704.1522    -0.5423     0.0077     0.8402     0.7877     0.3527     0.5052    -0.2924     0.9357    -0.1974
   31.9911  -172.2353  1704.4685    -0.4658     0.0452     0.8838     0.7846     0.4829     0.3888    -0.4092     0.8745    -0.2604
   31.8190  -172.2140  1704.8066    -0.4501     0.0637     0.8907    -0.7737     0.4701    -0.4246    -0.4458    -0.8803    -0.1623
   31.6358  -172.1882  1705.1536    -0.4895     0.0648     0.8696    -0.8703    -0.0988    -0.4825     0.0547    -0.9930     0.1047
   31.4240  -172.1646  1705.4954    -0.5656     0.0498     0.8232    -0.8114    -0.2121    -0.5447     0.1475    -0.9760     0.1604
   31.1741  -172.1497  1705.8187    -0.6568     0.0212     0.7537    -0.7304    -0.2664    -0.6290     0.1874    -0.9636     0.1905
   30.8854  -172.1489  1706.1110    -0.7459    -0.0195     0.6657    -0.6191    -0.3480    -0.7039     0.2454    -0.9373     0.2475
   30.5648  -172.1672  1706.3622    -0.8235    -0.0721     0.5628    -0.4920    -0.4034    -0.7715     0.2827    -0.9122     0.2967
   30.2233  -172.2084  1706.5637    -0.8856    -0.1371     0.4437    -0.3398    -0.4601    -0.8203     0.3166    -0.8772     0.3609
   29.8722  -172.2759  1706.7090    -0.9284    -0.2147     0.3033    -0.1747    -0.4682    -0.8662     0.3280    -0.8571     0.3972
   29.5196  -172.3722  1706.7930    -0.9440    -0.2988     0.1401     0.0058    -0.4393    -0.8983     0.3299    -0.8472     0.4165
   29.1685  -172.4988  1706.8131    -0.9267    -0.3745    -0.0317     0.1768    -0.3599    -0.9161     0.3317    -0.8546     0.3997
   28.8172  -172.6552  1706.7695    -0.8844    -0.4279    -0.1866     0.3206    -0.2662    -0.9091     0.3393    -0.8637     0.3726
   28.4620  -172.8388  1706.6662    -0.8360    -0.4563    -0.3049     0.4120    -0.1548    -0.8979     0.3625    -0.8763     0.3175
   28.1010  -173.0434  1706.5121    -0.7973    -0.4653    -0.3844     0.4473    -0.0279    -0.8940     0.4053    -0.8847     0.2304
   27.7373  -173.2595  1706.3211    -0.7713    -0.4650    -0.4345     0.4680     0.0483    -0.8824     0.4313    -0.8840     0.1804
   27.3818  -173.4745  1706.1116    -0.7597    -0.4573    -0.4624     0.1576     0.5603    -0.8131     0.6309    -0.6906    -0.3536
   27.0532  -173.6731  1705.9056    -0.7447    -0.4584    -0.4850     0.6300    -0.2434    -0.7374     0.2200    -0.8548     0.4701
   26.7752  -173.8399  1705.7255    -0.7661    -0.4302    -0.4775    -0.6012     0.7424     0.2956     0.2273     0.5136    -0.8274
   26.5724  -173.9604  1705.5921    -0.6997    -0.4844    -0.5251     0.7096    -0.5562    -0.4325    -0.0826    -0.6753     0.7329
   26.4008  -174.1401  1705.4079    -0.3513    -0.6718    -0.6521     0.9314    -0.3220    -0.1699    -0.0958    -0.6671     0.7388

[Main Branch Set] Branch Segment 10:


        Px         Py         Pz         Tx         Ty         Tz         Nx         Ny         Nz        BNx        BNy        BNz
   22.1411  -140.0251  1688.1658    -0.9843     0.0930    -0.1500     0.0910     0.9956     0.0201     0.1512     0.0061    -0.9885
   21.7260  -139.9072  1688.1019    -0.9019     0.4074    -0.1433     0.4125     0.9109    -0.0064     0.1280    -0.0649    -0.9897
   21.3641  -139.7155  1688.0404    -0.8605     0.4841    -0.1585    -0.1842    -0.5858    -0.7893    -0.4749    -0.6500     0.5932
   20.8877  -139.4584  1687.9409    -0.8627     0.4630    -0.2032     0.4041     0.3899    -0.8274    -0.3039    -0.7960    -0.5235
   20.3606  -139.1653  1687.7968    -0.8374     0.4774    -0.2660     0.3015    -0.0024    -0.9535    -0.4558    -0.8787    -0.1419
   19.8451  -138.8649  1687.6018    -0.7996     0.4802    -0.3606     0.4303     0.0392    -0.9018    -0.4190    -0.8763    -0.2380
   19.3897  -138.5797  1687.3522    -0.7290     0.4796    -0.4885     0.5354    -0.0451    -0.8434    -0.4264    -0.8764    -0.2239
   19.0210  -138.3223  1687.0478    -0.6185     0.4641    -0.6341     0.6637    -0.1234    -0.7378    -0.4207    -0.8771    -0.2317
   18.7404  -138.0939  1686.6936    -0.4871     0.4352    -0.7572     0.7716    -0.1917    -0.6066    -0.4091    -0.8797    -0.2424
   18.5275  -137.8858  1686.2993    -0.3839     0.4092    -0.8278     0.8481    -0.1984    -0.4914    -0.3653    -0.8906    -0.2709
   18.3476  -137.6831  1685.8787    -0.3481     0.4057    -0.8451    -0.2399     0.8330     0.4986     0.9063     0.3763    -0.1926
   18.1624  -137.4695  1685.4484    -0.3810     0.4273    -0.8199    -0.7488     0.3775     0.5448     0.5423     0.8215     0.1761
   17.9399  -137.2325  1685.0257    -0.4568     0.4618    -0.7604    -0.7259     0.3005     0.6186     0.5142     0.8345     0.1979
   17.6619  -136.9665  1684.6255    -0.5427     0.4944    -0.6790    -0.6718     0.2297     0.7042     0.5041     0.8384     0.2075
   17.3269  -136.6745  1684.2589    -0.6159     0.5167    -0.5947    -0.6123     0.1611     0.7741     0.4958     0.8409     0.2171
   16.9481  -136.3670  1683.9308    -0.6688     0.5269    -0.5246    -0.5876     0.0577     0.8071     0.4555     0.8480     0.2710
   16.5469  -136.0595  1683.6392    -0.7036     0.5249    -0.4790    -0.6416    -0.1794     0.7458     0.3055     0.8320     0.4630
   16.1456  -135.7684  1683.3760    -0.7245     0.5097    -0.4640    -0.5593    -0.8282    -0.0365    -0.4029     0.2331     0.8851
   15.7594  -135.5066  1683.1276    -0.7355     0.4771    -0.4811    -0.1272    -0.7947    -0.5936    -0.6655    -0.3754     0.6451
   15.3919  -135.2813  1682.8783    -0.7391     0.4235    -0.5238     0.0008    -0.7771    -0.6294    -0.6736    -0.4656     0.5741
   15.0343  -135.0925  1682.6126    -0.7383     0.3554    -0.5733     0.0209    -0.8375    -0.5461    -0.6742    -0.4152     0.6108
   14.6692  -134.9337  1682.3191    -0.7385     0.2891    -0.6092    -0.0474    -0.9234    -0.3809    -0.6726    -0.2524     0.6956
   14.2778  -134.7952  1681.9928    -0.7450     0.2399    -0.6225    -0.2773    -0.9600    -0.0381    -0.6067     0.1443     0.7817
   13.8475  -134.6668  1681.6371    -0.7578     0.2119    -0.6171    -0.5653    -0.6855     0.4588    -0.3258     0.6966     0.6392
   13.3793  -134.5416  1681.2641    -0.7733     0.1997    -0.6018    -0.6340    -0.2372     0.7360     0.0042     0.9507     0.3100
   12.8913  -134.4180  1680.8938    -0.7881     0.1969    -0.5832    -0.5939     0.0057     0.8045     0.1617     0.9804     0.1124
   12.4176  -134.3003  1680.5513    -0.8004     0.1984    -0.5657    -0.5487     0.1379     0.8246     0.2416     0.9704    -0.0015
   12.0029  -134.1974  1680.2636    -0.8095     0.2013    -0.5515    -0.5157     0.2049     0.8319     0.2805     0.9579    -0.0621
   11.6111  -134.0996  1680.0010    -0.8170     0.2049    -0.5390    -0.4800     0.2764     0.8326     0.3196     0.9390    -0.1275

