-2.327 -231.2757 1843.3288
-2.471395902421129 -231.26573184105575 1843.1907765991896
-2.6157918048422832 -231.25576368211148 1843.0527531983794
-2.7568183504833486 -231.25106191483434 1842.9110160938194
-2.8978448961244303 -231.2463601475572 1842.7692789892594
-3.0388714417655414 -231.2416583802801 1842.6275418846997
-3.1748564988492705 -231.24515649073874 1842.4809273306023
-3.31084155593301 -231.2486546011974 1842.334312776505
-3.44682661301677 -231.25215271165607 1842.1876982224076
-3.575672932593246 -231.26785508137783 1842.035540207447
-3.7045192521697348 -231.2835574510996 1841.8833821924866
-3.8333655717462083 -231.29925982082136 1841.731224177526
-3.962211891322705 -231.31496219054316 1841.5790661625656
-4.091058210899167 -231.33066456026492 1841.426908147605
-4.208074678790602 -231.36755613017755 1841.268964618736
-4.325091146682044 -231.40444770009017 1841.1110210898669
-4.442107614573497 -231.4413392700028 1840.9530775609978
-4.5591240824649715 -231.47823083991543 1840.7951340321288
-4.663093005246144 -231.54011944704797 1840.635884971212
-4.767061928027311 -231.60200805418052 1840.476635910295
-4.871030850808468 -231.66389666131303 1840.3173868493782
-4.974999773589603 -231.72578526844555 1840.1581377884613
-5.064173787681465 -231.8181226744443 1840.0047696083711
-5.153347801773331 -231.91046008044307 1839.851401428281
-5.242521815865205 -232.00279748644186 1839.6980332481908
-5.320692070317066 -232.12109095621008 1839.5569798316099
-5.398862324768935 -232.2393844259783 1839.415926415029
-5.477032579220813 -232.35767789574655 1839.2748729984482
-5.555202833672669 -232.47597136551477 1839.1338195818673
-5.62318463478106 -232.62280273682993 1839.016265240749
-5.691166435889455 -232.76963410814508 1838.8987108996305
-5.7591482369978575 -232.91646547946027 1838.781156558512
-5.824779679769413 -233.07982420284003 1838.6862542865927
-5.89041112254097 -233.2431829262198 1838.5913520146732
-5.956042565312528 -233.40654164959957 1838.4964497427538
-6.021674008084094 -233.56990037297936 1838.4015474708344
-6.0907817437867084 -233.74421313340576 1838.331983238512
-6.159889479489327 -233.91852589383217 1838.26241900619
-6.2289972151919395 -234.09283865425857 1838.1928547738676
-6.298104950894561 -234.267151414685 1838.1232905415454
-6.376329871026218 -234.44418840577302 1838.072904376213
-6.454554791157878 -234.62122539686104 1838.0225182108807
-6.532779711289539 -234.79826238794905 1837.9721320455483
-6.611004631421204 -234.97529937903707 1837.921745880216
-6.700898600811202 -235.14936130447163 1837.8814777739613
-6.790792570201204 -235.32342322990618 1837.8412096677066
-6.880686539591211 -235.49748515534074 1837.8009415614522
-6.970580508981213 -235.67154708077527 1837.7606734551975
-7.072029986638789 -235.83956830897606 1837.7222433841996
-7.173479464296367 -236.00758953717684 1837.6838133132017
-7.274928941953946 -236.17561076537763 1837.6453832422037
-7.3763784196115285 -236.3436319935784 1837.6069531712058
-7.487529598718787 -236.50416013865555 1837.5636388546216
-7.5986807778260435 -236.66468828373266 1837.5203245380374
-7.709831956933293 -236.82521642880977 1837.477010221453
-7.820983136040548 -236.98574457388688 1837.4336959048687
-7.939050924121536 -237.138236248939 1837.3807215105119
-8.057118712202529 -237.2907279239911 1837.3277471161553
-8.175186500283518 -237.44321959904323 1837.2747727217984
-8.293254288364517 -237.59571127409535 1837.2217983274418
-8.415069610418541 -237.74033650540005 1837.1566479645653
-8.536884932472566 -237.88496173670475 1837.0914976016888
-8.65870025452659 -238.02958696800945 1837.0263472388124
-8.780515576580612 -238.17421219931416 1836.961196875936
-8.903332795435933 -238.31196095540287 1836.8841176248454
-9.02615001429126 -238.44970971149158 1836.807038373755
-9.148967233146594 -238.5874584675803 1836.7299591226647
-9.271784452001912 -238.725207223669 1836.6528798715742
-9.394158537718406 -238.85813670433697 1836.5671224444068
-9.516532623434891 -238.99106618500494 1836.4813650172393
-9.638906709151364 -239.1239956656729 1836.3956075900717
-9.761280794867854 -239.25692514634088 1836.3098501629042
-9.883676033411545 -239.38799707623585 1836.2213089026047
-10.006071271955228 -239.51906900613082 1836.1327676423052
-10.1284665104989 -239.6501409360258 1836.0442263820055
-10.250861749042597 -239.78121286592076 1835.955685121706
-10.375571079584386 -239.91348451366488 1835.8723077022275
-10.500280410126178 -240.045756161409 1835.788930282749
-10.62498974066798 -240.17802780915315 1835.7055528632707
-10.753813544719069 -240.3126751167114 1835.6329269031935
-10.882637348770164 -240.44732242426966 1835.5603009431163
-11.011461152821266 -240.5819697318279 1835.4876749830394
-11.14028495687235 -240.71661703938616 1835.4150490229622
-11.275737104320335 -240.8533797226493 1835.3607472346087
-11.411189251768317 -240.9901424059124 1835.306445446255
-11.546641399216288 -241.1269050891755 1835.2521436579013
-11.68209354666427 -241.2636677724386 1835.1978418695478
-11.824948474418031 -241.399717182659 1835.1649324849418
-11.967803402171791 -241.5357665928794 1835.1320231003358
-12.11065832992555 -241.67181600309982 1835.0991137157298
-12.253513257679309 -241.80786541332026 1835.0662043311238
-12.403449839932808 -241.93944324131897 1835.0518413063282
-12.553386422186305 -242.07102106931768 1835.0374782815327
-12.7033230044398 -242.2025988973164 1835.0231152567371
-12.853259586693287 -242.33417672531513 1835.0087522319416
-13.010143648135774 -242.4581956549439 1835.0061644995271
-13.16702770957826 -242.58221458457265 1835.003576767113
-13.323911771020748 -242.70623351420141 1835.0009890346985
-13.480795832463242 -242.83025244383018 1834.9984013022843
-13.645034085446644 -242.94437929723068 1834.9993273637613
-13.809272338430047 -243.0585061506312 1835.0002534252383
-13.973510591413447 -243.1726330040317 1835.0011794867153
-14.137748844396848 -243.2867598574322 1835.002105548192
-14.309855088195922 -243.38854449964995 1834.9977092481595
-14.481961331994995 -243.4903291418677 1834.993312948127
-14.654067575794066 -243.59211378408546 1834.9889166480943
-14.826173819593134 -243.69389842630324 1834.9845203480616
-15.00559620733885 -243.78006502276054 1834.9649518930744
-15.185018595084562 -243.86623161921784 1834.945383438087
-15.364440982830278 -243.95239821567517 1834.9258149830998
-15.547182283617065 -244.0232828145941 1834.8860533103123
-15.729923584403858 -244.09416741351302 1834.846291637525
-15.912664885190644 -244.16505201243191 1834.8065299647374
-16.095406185977435 -244.23593661135084 1834.76676829195
-16.272656598649533 -244.27935679348715 1834.6849332200627
-16.449907011321624 -244.32277697562344 1834.6030981481751
-16.627157423993722 -244.36619715775976 1834.5212630762878
-16.804407836665806 -244.40961733989604 1834.4394280044003
-16.98165824933791 -244.45303752203233 1834.357592932513
-17.149818846730906 -244.4823375906904 1834.253364723946
-17.317979444123885 -244.51163765934848 1834.1491365153793
-17.465744142148292 -244.5252036969712 1834.015041188686
-17.613508840172713 -244.53876973459396 1833.8809458619926
-17.761273538197152 -244.55233577221668 1833.7468505352992
-17.90903823622164 -244.56590180983943 1833.6127552086061
-18.028028162725008 -244.5695748316576 1833.4520445795195
-18.147018089228368 -244.5732478534758 1833.2913339504328
-18.26600801573172 -244.57692087529398 1833.130623321346
-18.361003290590457 -244.58014673791905 1832.9546531773874
-18.455998565449196 -244.58337260054412 1832.7786830334287
-18.55099384030794 -244.58659846316917 1832.60271288947
-18.645989115166685 -244.58982432579424 1832.4267427455113
-18.71001930452091 -244.59854511022618 1832.2374702362288
-18.77404949387512 -244.60726589465813 1832.048197726946
-18.838079683229346 -244.6159866790901 1831.8589252176635
-18.902109872583544 -244.62470746352204 1831.6696527083807
-18.9332001478518 -244.64476376020843 1831.4731046487439
-18.964290423120058 -244.66482005689483 1831.276556589107
-18.995380698388324 -244.68487635358125 1831.0800085294702
-19.00092908605914 -244.71650078315074 1830.8826025750295
-19.00647747372996 -244.74812521272023 1830.6851966205888
-19.012025861400776 -244.7797496422897 1830.4877906661482
-19.017574249071593 -244.81137407185915 1830.2903847117075
-18.994347912409474 -244.85714032383007 1830.0970818729652
-18.97112157574735 -244.90290657580098 1829.903779034223
-18.947895239085224 -244.9486728277719 1829.7104761954806
-18.924668902423093 -244.99443907974282 1829.5171733567383
-18.87708558292995 -245.05254672686345 1829.3318106607821
-18.8295022634368 -245.1106543739841 1829.146447964826
-18.78191894394364 -245.16876202110473 1828.9610852688697
-18.734335624450463 -245.2268696682254 1828.7757225729135
-18.66964463737696 -245.2937487963634 1828.598685123737
-18.604953650303454 -245.3606279245014 1828.4216476745603
-18.540262663229946 -245.42750705263938 1828.2446102253837
-18.47557167615643 -245.49438618077738 1828.067572776207
-18.401067193393608 -245.56660661004327 1827.8965953167426
-18.326562710630782 -245.63882703930915 1827.7256178572782
-18.252058227867945 -245.71104746857503 1827.5546403978137
-18.177553745105094 -245.78326789784094 1827.3836629383493
-18.099574075593654 -245.85834140032097 1827.215487017456
-18.02159440608221 -245.933414902801 1827.047311096563
-17.94361473657077 -246.008488405281 1826.8791351756697
-17.865635067059323 -246.08356190776107 1826.7109592547765
-17.789609761929572 -246.16002454602244 1826.5425145518914
-17.71358445679981 -246.23648718428382 1826.3740698490062
-17.637559151670036 -246.31294982254522 1826.205625146121
-17.56153384654023 -246.38941246080662 1826.0371804432361
-17.492063990229646 -246.46663296260297 1825.866268380565
-17.42259413391907 -246.54385346439932 1825.695356317894
-17.35312427760851 -246.62107396619564 1825.5244442552228
-17.28365442129792 -246.69829446799199 1825.3535321925517
-17.22437021469252 -246.77626108889584 1825.1791573409475
-17.165086008087126 -246.85422770979966 1825.0047824893434
-17.105801801481743 -246.93219433070348 1824.8304076377392
-17.056299432124305 -247.01094870086757 1824.653356050319
-17.006797062766875 -247.08970307103166 1824.4763044628987
-16.95729469340945 -247.16845744119576 1824.2992528754785
-16.907792324052043 -247.24721181135982 1824.1222012880582
-16.870594877749667 -247.3270594874346 1823.9426443371651
-16.833397431447292 -247.4069071635094 1823.763087386272
-16.79619998514492 -247.48675483958417 1823.5835304353789
-16.759002538842548 -247.56660251565896 1823.4039734844857
-16.733984061202353 -247.64729869717453 1823.2226941363367
-16.70896558356216 -247.7279948786901 1823.0414147881877
-16.683947105921973 -247.80869106020566 1822.8601354400384
-16.658928628281778 -247.88938724172127 1822.6788560918894
-16.644775267704077 -247.969938281509 1822.496342496852
-16.630621907126375 -248.0504893212967 1822.3138289018148
-16.616468546548678 -248.13104036108442 1822.1313153067774
-16.602315185970983 -248.21159140087212 1821.94880171174
-16.597760697654152 -248.29013617865192 1821.7649268235152
-16.59320620933732 -248.36868095643175 1821.5810519352904
-16.58865172102049 -248.44722573421157 1821.3971770470655
-16.591203821199457 -248.52229028315486 1821.2118157774414
-16.593755921378424 -248.59735483209818 1821.0264545078173
-16.59630802155739 -248.6724193810415 1820.8410932381933
-16.598860121736358 -248.74748392998484 1820.6557319685694
-16.61022034363466 -248.81616712151882 1820.4682391298818
-16.62158056553296 -248.8848503130528 1820.2807462911942
-16.63294078743126 -248.95353350458677 1820.0932534525066
-16.64430100932956 -249.02221669612075 1819.905760613819
-16.665348173979364 -249.0820749632277 1819.7160924701598
-16.686395338629165 -249.14193323033467 1819.5264243265005
-16.707442503278962 -249.20179149744163 1819.3367561828413
-16.728489667928756 -249.2616497645486 1819.147088039182
-16.7598848851449 -249.31108754532525 1818.9558545531818
-16.791280102361043 -249.3605253261019 1818.7646210671815
-16.822675319577186 -249.4099631068786 1818.5733875811811
-16.854070536793333 -249.45940088765525 1818.3821540951808
-16.89585144559693 -249.49815402883195 1818.190444550013
-16.937632354400524 -249.53690717000865 1817.998735004845
-16.97941326320412 -249.57566031118532 1817.807025459677
-17.02119417200771 -249.614413452362 1817.6153159145092
-17.072368414697 -249.6435945708402 1817.424188576827
-17.12354265738628 -249.67277568931843 1817.2330612391447
-17.174716900075552 -249.70195680779662 1817.0419339014625
-17.2258911427648 -249.7311379262748 1816.8508065637802
-17.28448577619889 -249.75274041127156 1816.6608065596363
-17.34308040963298 -249.7743428962683 1816.4708065554923
-17.401675043067073 -249.79594538126503 1816.2808065513484
-17.463987602760994 -249.81307314882602 1816.0915348300514
-17.52630016245491 -249.830200916387 1815.9022631087544
-17.588612722148817 -249.847328683948 1815.7129913874574
-17.65092528184271 -249.864456451509 1815.5237196661603
-17.715152766531176 -249.87724092099378 1815.3347450976316
-17.77938025121965 -249.89002539047857 1815.145770529103
-17.843607735908126 -249.90280985996336 1814.9567959605743
-17.907835220596613 -249.91559432944814 1814.7678213920456
-17.970758648342336 -249.92404640017315 1814.5781659024303
-18.033682076088063 -249.93249847089817 1814.388510412815
-18.09660550383379 -249.94095054162315 1814.1988549231999
-18.15952893157952 -249.94940261234817 1814.0091994335846
-18.217527811471907 -249.95242221654107 1813.8178175851199
-18.275526691364302 -249.95544182073397 1813.6264357366551
-18.333525571256708 -249.95846142492687 1813.4350538881904
-18.391524451149134 -249.9614810291198 1813.2436720397257
-18.44093364822795 -249.95673714651107 1813.049929357743
-18.49034284530677 -249.95199326390235 1812.8561866757602
-18.5397520423856 -249.94724938129363 1812.6624439937775
-18.58916123946445 -249.94250549868494 1812.4687013117948
-18.626698868781187 -249.9268571773987 1812.2728798205683
-18.66423649809792 -249.91120885611244 1812.0770583293418
-18.70177412741465 -249.8955605348262 1811.8812368381152
-18.739311756731375 -249.87991221353994 1811.6854153468887
-18.762562366599308 -249.85068478502035 1811.4889333717283
-18.785812976467245 -249.82145735650076 1811.292451396568
-18.809063586335185 -249.79222992798117 1811.0959694214075
-18.820386415780582 -249.75167648407773 1810.9004516173054
-18.83170924522598 -249.7111230401743 1810.7049338132033
-18.843032074671378 -249.67056959627087 1810.5094160091012
-18.854354904116775 -249.63001615236743 1810.313898204999
-18.85150293833231 -249.57682649680606 1810.121121840181
-18.84865097254784 -249.5236368412447 1809.9283454753631
-18.845799006763375 -249.47044718568333 1809.7355691105452
-18.842947040978906 -249.41725753012196 1809.5427927457272
-18.826706509884254 -249.3542500631901 1809.3536729311636
-18.8104659787896 -249.2912425962583 1809.1645531166
-18.794225447694952 -249.22823512932646 1808.9754333020364
-18.77798491660031 -249.16522766239464 1808.7863134874729
-18.749969284501535 -249.0969941506503 1808.6004121366625
-18.721953652402764 -249.02876063890596 1808.4145107858521
-18.693938020303996 -248.96052712716164 1808.2286094350418
-18.66592238820524 -248.89229361541732 1808.0427080842314
-18.627716067262593 -248.82411121190702 1807.8586118135154
-18.589509746319955 -248.75592880839673 1807.6745155427993
-18.55130342537732 -248.68774640488647 1807.4904192720833
-18.513097104434703 -248.6195640013762 1807.3063230013672
-18.466287098725342 -248.55694113768794 1807.122238237443
-18.419477093015974 -248.49431827399968 1806.938153473519
-18.372667087306592 -248.4316954103114 1806.754068709595
-18.320504050741256 -248.3776994333499 1806.5686948924356
-18.26834101417592 -248.32370345638844 1806.3833210752762
-18.216177977610588 -248.26970747942698 1806.1979472581168
-18.164014941045263 -248.2157115024655 1806.0125734409573
-18.107158350189756 -248.17570929025285 1805.8250443736254
-18.050301759334246 -248.13570707804024 1805.6375153062934
-17.99344516847873 -248.0957048658276 1805.4499862389614
-17.9365885776232 -248.05570265361496 1805.2624571716294
-17.87751966597185 -248.032343869261 1805.072812158856
-17.81845075432051 -248.00898508490707 1804.8831671460828
-17.759381842669185 -247.98562630055315 1804.6935221333094
-17.700654427543956 -247.97337870255942 1804.5027314441863
-17.64192701241873 -247.96113110456568 1804.3119407550632
-17.58319959729351 -247.94888350657195 1804.1211500659401
-17.524472182168314 -247.9366359085782 1803.930359376817
-17.467130757212335 -247.93344587095982 1803.738782278384
-17.40978933225635 -247.93025583334142 1803.5472051799509
-17.352447907300352 -247.92706579572305 1803.3556280815178
-17.295655931933435 -247.92427870674064 1803.1638811032653
-17.238863956566515 -247.92149161775822 1802.9721341250129
-17.182071981199584 -247.91870452877578 1802.7803871467604
-17.12424282634997 -247.91084347092166 1802.58909158325
-17.066413671500353 -247.90298241306755 1802.3977960197394
-17.008584516650735 -247.89512135521343 1802.206500456229
-16.950755361801118 -247.8872602973593 1802.0152048927184
-16.889001278191746 -247.867558456181 1801.8260005835398
-16.82724719458237 -247.8478566150027 1801.6367962743611
-16.765493110972983 -247.8281547738244 1801.4475919651825
-16.6979227789587 -247.79553846418344 1801.2621993370203
-16.630352446944414 -247.76292215454248 1801.0768067088582
-16.562782114930133 -247.73030584490152 1800.891414080696
-16.49521178291586 -247.69768953526057 1800.7060214525338
-16.418670306751054 -247.6492459018229 1800.5277110018983
-16.342128830586255 -247.60080226838522 1800.3494005512628
-16.265587354421466 -247.55235863494758 1800.1710901006272
-16.189045878256696 -247.50391500150994 1799.9927796499917
-16.102149556748227 -247.44176110533363 1799.8237059308678
-16.01525323523977 -247.3796072091573 1799.654632211744
-15.928356913731328 -247.31745331298103 1799.48555849262
-15.841460592222854 -247.25529941680472 1799.316484773496
-15.74448418280188 -247.184217224591 1799.1566633169707
-15.647507773380914 -247.1131350323773 1798.9968418604453
-15.550531363959957 -247.0420528401636 1798.83702040392
-15.45355495453902 -246.97097064794988 1798.6771989473946
-15.347771270643122 -246.8960765470215 1798.5248812338234
-15.24198758674722 -246.8211824460931 1798.3725635202522
-15.136203902851314 -246.7462883451647 1798.220245806681
-15.030420218955392 -246.67139424423627 1798.06792809311
-14.91754397055684 -246.5972617717149 1797.92040409823
-14.804667722158284 -246.52312929919353 1797.77288010335
-14.69179147375972 -246.44899682667213 1797.62535610847
-14.578915225361133 -246.37486435415073 1797.47783211359
-14.460893570224822 -246.30539812159216 1797.3320743300826
-14.342871915088518 -246.2359318890336 1797.1863165465752
-14.224850259952222 -246.16646565647503 1797.0405587630678
-14.106828604815949 -246.0969994239165 1796.8948009795604
-13.985680727696082 -246.0355770311717 1796.7480001568827
-13.864532850576213 -245.9741546384269 1796.601199334205
-13.74338497345634 -245.9127322456821 1796.4543985115272
-13.622237096336455 -245.8513098529373 1796.3075976888495
-13.499982428882571 -245.80069894726935 1796.1576232493164
-13.37772776142867 -245.7500880416014 1796.0076488097836
-13.25547309397479 -245.69947713593348 1795.8576743702506
-13.13350915229852 -245.65898409925572 1795.70442584363
-13.011545210622247 -245.61849106257796 1795.5511773170092
-12.889581268945964 -245.5779980259002 1795.3979287903885
-12.767617327269665 -245.5375049892224 1795.2446802637678
-12.646548516173837 -245.50970714689882 1795.0879332607917
-12.525479705078013 -245.48190930457523 1794.9311862578156
-12.404410893982194 -245.45411146225166 1794.7744392548395
-12.283342082886387 -245.42631361992807 1794.6176922518634
-12.162288904931529 -245.41399239838378 1794.4589650783653
-12.04123572697666 -245.4016711768395 1794.3002379048671
-11.92018254902178 -245.38934995529522 1794.141510731369
-11.799129371066881 -245.37702873375093 1793.982783557871
-11.678076193112007 -245.36470751220665 1793.8240563843729
-11.556249343451272 -245.35864901442375 1793.6655587083446
-11.434422493790544 -245.35259051664084 1793.5070610323164
-11.31259564412983 -245.34653201885794 1793.3485633562882
-11.186957417773097 -245.34940963819042 1793.1929781533127
-11.06131919141635 -245.3522872575229 1793.037392950337
-10.935680965059579 -245.35516487685538 1792.8818077473618
-10.810042738702851 -245.35804249618784 1792.7262225443862
-10.678601446378835 -245.36551916453863 1792.5756659566773
-10.547160154054822 -245.37299583288942 1792.4251093689684
-10.415718861730817 -245.3804725012402 1792.2745527812594
-10.278681513065692 -245.38923144317894 1792.1291428572276
-10.14164416440057 -245.39799038511768 1791.9837329331958
-10.004606815735457 -245.40674932705642 1791.838323009164
-9.867569467070355 -245.41550826899518 1791.6929130851322
-9.723706384245139 -245.4238770676954 1791.554228635361
-9.579843301419912 -245.43224586639562 1791.4155441855896
-9.435980218594665 -245.44061466509584 1791.2768597358186
-9.292117135769447 -245.44898346379605 1791.1381752860473
-9.141734249192298 -245.45520995369117 1791.0064702434395
-8.991351362615147 -245.46143644358628 1790.8747652008317
-8.840968476037988 -245.46766293348142 1790.743060158224
-8.690585589460815 -245.47388942337653 1790.611355115616
-8.534650702346907 -245.47666713808823 1790.4861489045811
-8.378715815233006 -245.47944485279996 1790.3609426935461
-8.222780928119118 -245.48222256751166 1790.2357364825111
-8.066846041005252 -245.48500028222335 1790.1105302714761
-7.906472795504354 -245.4837934925811 1789.991035644876
-7.746099550003446 -245.48258670293885 1789.871541018276
-7.585726304502525 -245.4813799132966 1789.752046391676
-7.425353059001572 -245.48017312365434 1789.6325517650762
-7.261501326527265 -245.47519024709854 1789.5179752373474
-7.097649594052965 -245.47020737054274 1789.4033987096186
-6.933797861578678 -245.46522449398694 1789.2888221818898
-6.769946129104419 -245.46024161743114 1789.1742456541608
-6.603173376518925 -245.45256914092516 1789.0641185362501
-6.436400623933439 -245.4448966644192 1788.9539914183395
-6.269627871347965 -245.43722418791322 1788.8438643004288
-6.102855118762521 -245.42955171140727 1788.7337371825179
-5.933235833100636 -245.4209641420124 1788.62811733787
-5.763616547438749 -245.41237657261755 1788.522497493222
-5.593997261776857 -245.40378900322267 1788.4168776485742
-5.421884612421717 -245.39619715045094 1788.3152922180075
-5.249771963066589 -245.38860529767922 1788.2137067874405
-5.077659313711443 -245.3810134449075 1788.1121213568738
-4.905546664356319 -245.37342159213577 1788.0105359263068
-4.730213277179207 -245.36844413319207 1787.9144451970794
-4.554879890002101 -245.36346667424834 1787.818354467852
-4.379546502825007 -245.35848921530464 1787.7222637386246
-4.204213115647937 -245.35351175636092 1787.626173009397
-4.025457171462999 -245.3521400820151 1787.5364822577665
-3.8467012272780536 -245.35076840766928 1787.446791506136
-3.6679452830930965 -245.34939673332346 1787.3571007545054
-3.4891893389081132 -245.3480250589776 1787.267410002875
-3.307194065191648 -245.3501577437762 1787.1845054071014
-3.125198791475195 -245.3522904285748 1787.1016008113274
-2.9432035177587283 -245.3544231133734 1787.0186962155537
-2.7612082440422894 -245.356555798172 1786.9357916197798
-2.5763770027460655 -245.36097908807866 1786.8595168090799
-2.3915457614498323 -245.36540237798533 1786.78324199838
-2.2067145201535836 -245.369825667892 1786.7069671876802
-2.021883278857354 -245.37424895779867 1786.6306923769803
-1.8346419054972356 -245.3788812075566 1786.5605552943177
-1.647400532137107 -245.3835134573145 1786.4904182116554
-1.4601591587769907 -245.38814570707243 1786.4202811289929
-1.2729177854168516 -245.39277795683034 1786.3501440463306
-1.0836614164497307 -245.3949972079715 1786.2855135447871
-0.8944050474826081 -245.39721645911263 1786.2208830432437
-0.7051486785154828 -245.39943571025378 1786.1562525417003
-0.5158923095483509 -245.4016549613949 1786.0916220401568
-0.32503357272487243 -245.39856563553488 1786.03192783069
-0.13417483590139323 -245.39547630967482 1785.972233621223
0.05668390092208758 -245.3923869838148 1785.9125394117561
0.24754263774557206 -245.38929765795473 1785.8528452022892
0.43946046973173825 -245.3780546444715 1785.7976986664637
0.6313783017179142 -245.36681163098828 1785.7425521306384
0.8232961337040791 -245.35556861750504 1785.6874055948128
1.0152139656902708 -245.34432560402183 1785.6322590589875
1.2074863192794132 -245.3228840635121 1785.5815480898993
1.3997586728685567 -245.30144252300238 1785.5308371208112
1.592031026457703 -245.28000098249262 1785.480126151723
1.7841203972427417 -245.25045611973584 1785.4329162511078
1.9762097680277813 -245.22091125697906 1785.3857063504927
2.168299138812822 -245.19136639422226 1785.3384964498775
2.360388509597868 -245.16182153146548 1785.2912865492624
2.552018687310099 -245.1239326154511 1785.2483644683105
2.7436488650223376 -245.08604369943674 1785.2054423873587
2.9352790427345687 -245.04815478342238 1785.1625203064068
3.12690922044682 -245.010265867408 1785.119598225455
3.3182899997258515 -244.96707441983938 1785.0807665865575
3.50967077900488 -244.92388297227072 1785.04193494766
3.7010515582839054 -244.8806915247021 1785.0031033087623
3.8927066203782346 -244.83641841642125 1784.9669338595438
4.0843616824725615 -244.7921453081404 1784.9307644103253
4.276016744566888 -244.74787219985956 1784.8945949611068
4.467671806661211 -244.7035990915787 1784.8584255118883
4.660006051631522 -244.66037940381418 1784.8246675972425
4.85234029660183 -244.61715971604966 1784.7909096825965
5.044674541572144 -244.57394002828514 1784.7571517679507
5.237008786542452 -244.53072034052062 1784.7233938533047
5.430217441018523 -244.49033022427983 1784.691159487395
5.623426095494595 -244.44994010803904 1784.6589251214853
5.816634749970667 -244.40954999179826 1784.6266907555755
6.009843404446744 -244.36915987555747 1784.5944563896658
6.203831891012911 -244.3322380481679 1784.56275077909
6.397820377579075 -244.29531622077835 1784.5310451685143
6.591808864145236 -244.25839439338878 1784.4993395579386
6.7857973507113885 -244.22147256599925 1784.4676339473626
6.98031396012612 -244.1877590052265 1784.4355920297887
7.174830569540847 -244.15404544445374 1784.4035501122146
7.369347178955581 -244.120331883681 1784.3715081946407
7.56386378837031 -244.08661832290827 1784.3394662770665
7.758596315052664 -244.05515834139806 1784.3064585110822
7.953328841735016 -244.02369835988785 1784.2734507450978
8.148061368417364 -243.99223837837764 1784.2404429791134
8.342793895099707 -243.96077839686743 1784.2074352131287
8.537475989479068 -243.93018728469724 1784.1733314599005
8.732158083858428 -243.89959617252705 1784.1392277066723
8.926840178237784 -243.86900506035687 1784.105123953444
9.12152227261713 -243.83841394818668 1784.0710202002156
9.316032617456969 -243.80728912414745 1784.0364229303982
9.510542962296812 -243.7761643001082 1784.0018256605808
9.705053307136659 -243.745039476069 1783.9672283907635
9.899563651976512 -243.71391465202976 1783.932631120946
10.094036907443817 -243.68127937602864 1783.899238132636
10.288510162911127 -243.64864410002752 1783.865845144326
10.482983418378426 -243.6160088240264 1783.8324521560157
10.677760116209416 -243.58235672880815 1783.8019632322978
10.872536814040409 -243.54870463358986 1783.7714743085799
11.067313511871406 -243.5150525383716 1783.740985384862
11.26209020970241 -243.48140044315332 1783.7104964611442
11.457615700088274 -243.4476292256618 1783.6854108581315
11.65314119047414 -243.4138580081703 1783.6603252551188
11.848666680860008 -243.3800867906788 1783.635239652106
12.044192171245886 -243.34631557318727 1783.6101540490936
12.240714603792288 -243.31411411746302 1783.591660813701
12.437237036338688 -243.28191266173877 1783.5731675783086
12.633759468885085 -243.24971120601455 1783.5546743429159
12.830281901431487 -243.2175097502903 1783.5361811075234
13.02772351094696 -243.1880570380193 1783.5239602821903
13.225165120462432 -243.1586043257483 1783.5117394568572
13.422606729977904 -243.12915161347732 1783.499518631524
13.620048339493376 -243.09969890120635 1783.487297806191
13.818200576754924 -243.07348029454946 1783.4803497465184
14.016352814016471 -243.04726168789256 1783.4734016868458
14.214505051278019 -243.02104308123566 1783.4664536271732
14.412657288539567 -242.9948244745788 1783.4595055675006
14.611299459969363 -242.9717215608229 1783.456759096011
14.809941631399159 -242.94861864706704 1783.454012624521
15.008583802828955 -242.92551573331116 1783.4512661530314
15.20722597425875 -242.90241281955528 1783.4485196815415
15.406193193448056 -242.8821201333044 1783.4490222477536
15.605160412637362 -242.8618274470535 1783.4495248139658
15.804127631826667 -242.8415347608026 1783.4500273801777
16.003094851015973 -242.82124207455172 1783.45052994639
16.202274416126727 -242.80340068246895 1783.4535607170576
16.401453981237477 -242.78555929038617 1783.4565914877253
16.600633546348227 -242.7677178983034 1783.459622258393
16.799813111458977 -242.74987650622063 1783.462653029061
16.999148204059924 -242.7344944701054 1783.4680301865556
17.19848329666087 -242.71911243399018 1783.4734073440502
17.39781838926182 -242.70373039787498 1783.4787845015449
-11.566 -245.3533 1793.6771
-11.581044218410499 -245.1587951158522 1793.6330372999573
-11.596088436820995 -244.9642902317044 1793.5889745999143
-11.611132655231494 -244.76978534755662 1793.5449118998715
-11.60259531624247 -244.5778397923337 1793.4893779672434
-11.594057977253444 -244.38589423711076 1793.4338440346153
-11.56473727388489 -244.19903870977177 1793.368841663452
-11.535416570516336 -244.01218318243278 1793.3038392922888
-11.506095867147781 -243.8253276550938 1793.2388369211255
-11.467856194208691 -243.64157718162787 1793.169746466542
-11.4296165212696 -243.45782670816195 1793.1006560119583
-11.391376848330506 -243.27407623469603 1793.0315655573747
-11.345122892618726 -243.09357797518572 1792.9588954129222
-11.298868936906947 -242.91307971567542 1792.8862252684696
-11.25261498119517 -242.73258145616512 1792.813555124017
-11.19685455926093 -242.55651652392856 1792.7367963135634
-11.141094137326688 -242.380451591692 1792.6600375031098
-11.085333715392446 -242.20438665945548 1792.5832786926562
-11.029573293458208 -242.02832172721895 1792.5065198822026
-10.959650588869446 -241.86003618313646 1792.4241136261546
-10.889727884280683 -241.69175063905396 1792.3417073701066
-10.819805179691924 -241.52346509497147 1792.2593011140586
-10.737133487769304 -241.36344915090055 1792.1723511917025
-10.654461795846688 -241.20343320682963 1792.0854012693464
-10.57179010392408 -241.0434172627587 1791.9984513469904
-10.476683162327795 -240.8925992845814 1791.9078499832108
-10.381576220731507 -240.74178130640408 1791.8172486194312
-10.286469279135211 -240.59096332822674 1791.7266472556516
-10.181155564254285 -240.44838866906716 1791.6340109343544
-10.075841849373369 -240.3058140099076 1791.5413746130569
-9.970528134492438 -240.16323935074803 1791.4487382917596
-9.85902790179549 -240.02529983828452 1791.3563240666108
-9.747527669098544 -239.88736032582102 1791.263909841462
-9.636027436401607 -239.74942081335752 1791.1714956163132
-9.523432919773546 -239.61070887631104 1791.0815986010896
-9.410838403145476 -239.47199693926456 1790.991701585866
-9.298243886517387 -239.33328500221808 1790.9018045706425
-9.188723684809071 -239.18947296848373 1790.8162275622176
-9.079203483100756 -239.04566093474935 1790.7306505537927
-8.973308480143393 -238.89700596695363 1790.6488706730254
-8.867413477186032 -238.7483509991579 1790.567090792258
-8.761518474228675 -238.59969603136219 1790.4853109114908
-8.659638050791783 -238.44581118037144 1790.4082406062114
-8.557757627354894 -238.2919263293807 1790.331170300932
-8.45587720391801 -238.13804147838994 1790.2540999956525
-8.353996780481138 -237.98415662739922 1790.177029690373
-8.255513722402862 -237.82540527078302 1790.1056217493297
-8.157030664324592 -237.66665391416683 1790.034213808286
-8.058547606246306 -237.5079025575506 1789.9628058672427
-7.95982186440628 -237.3479045480479 1789.8945866261643
-7.86109612256625 -237.18790653854518 1789.8263673850859
-7.762370380726215 -237.02790852904246 1789.7581481440075
-7.661267016510591 -236.8683981925998 1789.6923107510438
-7.56016365229496 -236.70888785615716 1789.6264733580804
-7.459060288079338 -236.54937751971454 1789.5606359651167
-7.354020969108355 -236.3916968766717 1789.4965769588825
-7.248981650137369 -236.23401623362884 1789.4325179526484
-7.143942331166379 -236.07633559058596 1789.3684589464142
-7.034259173575887 -235.92127884170023 1789.3057930899533
-6.924576015985392 -235.7662220928145 1789.2431272334925
-6.8148928583948924 -235.61116534392877 1789.1804613770316
-6.700879950506029 -235.4587360063234 1789.1190907499213
-6.586867042617159 -235.306306668718 1789.057720122811
-6.472854134728279 -235.15387733111262 1788.9963494957005
-6.355959088353991 -235.00304662449273 1788.9364692312247
-6.239064041979701 -234.85221591787283 1788.8765889667488
-6.122168995605408 -234.70138521125293 1788.816708702273
-6.004586865329719 -234.55028007642858 1788.7589014287726
-5.887004735054025 -234.39917494160423 1788.7010941552721
-5.769422604778321 -234.24806980677988 1788.6432868817717
-5.6533149925319135 -234.09480520720084 1788.5882506673825
-5.537207380285515 -233.9415406076218 1788.533214452993
-5.421099768039103 -233.78827600804274 1788.4781782386037
-5.307857104718175 -233.6316535361849 1788.4267438093455
-5.194614441397245 -233.47503106432703 1788.3753093800872
-5.081371778076298 -233.31840859246915 1788.3238749508291
-4.971100395100658 -233.15839292425366 1788.2765969641737
-4.8608290121250155 -232.99837725603817 1788.2293189775182
-4.750557629149369 -232.83836158782267 1788.1820409908628
-4.6423560847461145 -232.67567587408521 1788.1393117931816
-4.534154540342865 -232.51299016034775 1788.0965825955004
-4.425952995939623 -232.3503044466103 1788.0538533978192
-4.318350200102252 -232.18605991466137 1788.0158353487786
-4.210747404264884 -232.02181538271245 1787.977817299738
-4.103144608427524 -231.85757085076352 1787.9397992506974
-3.9946134910522786 -231.69291205387074 1787.9065054499667
-3.886082373677038 -231.52825325697796 1787.8732116492358
-3.7775512563017912 -231.36359446008518 1787.8399178485051
-3.6666542636414894 -231.1996409073991 1787.8112631877932
-3.5557572709811858 -231.03568735471302 1787.7826085270813
-3.444860278320879 -230.87173380202694 1787.7539538663693
-3.3305357148205554 -230.70942772388415 1787.729733396135
-3.216211151320231 -230.54712164574138 1787.7055129259008
-3.101886587819914 -230.38481556759862 1787.6812924556664
-2.9835884249034312 -230.2248288528146 1787.6610490433254
-2.865290261986945 -230.06484213803057 1787.6408056309847
-2.746992099070461 -229.90485542324657 1787.6205622186437
-2.6246363390416927 -229.74755081884112 1787.6037001481711
-2.5022805790129268 -229.59024621443564 1787.5868380776985
-2.379924818984156 -229.43294161003018 1787.569976007226
-2.2540038604976322 -229.27821423348095 1787.5557158824008
-2.128082902011108 -229.12348685693172 1787.5414557575757
-2.002161943524583 -228.96875948038252 1787.5271956327504
-1.8733959356479906 -228.8162264459866 1787.5148267753457
-1.744629927771397 -228.66369341159069 1787.502457917941
-1.6158639198948115 -228.51116037719478 1787.490089060536
-1.4850687301410035 -228.36025172352655 1787.479171341667
-1.3542735403871973 -228.2093430698583 1787.468253622798
-1.2234783506333948 -228.05843441619007 1787.457335903929
-1.09120394399082 -227.90872346959202 1787.4478430742101
-0.9589295373482438 -227.75901252299397 1787.4383502444914
-0.8266551307056698 -227.60930157639592 1787.4288574147724
-0.6932171666654923 -227.4605168425789 1787.4212802955433
-0.5597792026253123 -227.31173210876187 1787.4137031763141
-0.42634123858512746 -227.16294737494488 1787.406126057085
-0.291951112220737 -227.01490906760048 1787.4012318263617
-0.15756098585634482 -226.8668707602561 1787.3963375956384
-0.02317085949194911 -226.7188324529117 1787.3914433649152
0.11190314352218558 -226.571341550858 1787.390240235197
0.24697714653631775 -226.42385064880426 1787.389037105479
0.3820511495504546 -226.27635974675056 1787.387833975761
0.5174179122722996 -226.1291731415909 1787.391289813111
0.6527846749941468 -225.98198653643126 1787.394745650461
0.7881514377159986 -225.83479993127165 1787.3982014878109
0.9230895090468806 -225.68745930055493 1787.4072819858977
1.0580275803777641 -225.54011866983825 1787.4163624839846
1.1929656517086413 -225.39277803912157 1787.4254429820717
1.3266098960939072 -225.24478862218186 1787.4408815188074
1.4602541404791751 -225.09679920524215 1787.456320055543
1.5938983848644468 -224.94880978830244 1787.4717585922788
1.725411200617825 -224.79975594615865 1787.4938341768643
1.8569240163712033 -224.65070210401487 1787.5159097614498
1.9884368321245813 -224.5016482618711 1787.5379853460356
2.1173485525591764 -224.35142427854 1787.5665251982905
2.246260272993772 -224.2012002952089 1787.5950650505454
2.375171993428369 -224.05097631187778 1787.6236049028003
2.5017982131874854 -223.9000241419973 1787.6579450087684
2.6284244329466064 -223.74907197211684 1787.6922851147363
2.75505065270572 -223.59811980223637 1787.7266252207044
2.880643065727312 -223.44746079638816 1787.7657201020604
3.0062354787489047 -223.29680179053992 1787.8048149834165
3.1318278917705085 -223.14614278469168 1787.8439098647723
3.258419629694206 -222.99734243890373 1787.886723285365
3.385011367617903 -222.84854209311578 1787.9295367059576
3.5116031055416 -222.69974174732786 1787.9723501265503
3.6414418293291457 -222.55461998055856 1788.0179744469833
3.771280553116692 -222.40949821378925 1788.0635987674164
3.901119276904238 -222.26437644701994 1788.1092230878494
4.036146471920158 -222.12482864740588 1788.1571195201695
4.171173666936073 -221.9852808477918 1788.2050159524897
4.30620086195198 -221.84573304817778 1788.25291238481
4.447474097459062 -221.71324171739275 1788.3027914404965
4.588747332966144 -221.58075038660772 1788.352670496183
4.730020568473227 -221.44825905582266 1788.4025495518695
4.877584367669856 -221.32360428107378 1788.4543772693473
5.025148166866487 -221.19894950632488 1788.5062049868252
5.172711966063126 -221.07429473157597 1788.558032704303
5.3255719292496275 -220.95712096395988 1788.6119227760905
5.47843189243612 -220.8399471963438 1788.6658128478782
5.631291855622623 -220.72277342872766 1788.7197029196657
5.787648314419855 -220.61142101075862 1788.7758571430584
5.944004773217088 -220.50006859278955 1788.832011366451
6.100361232014329 -220.3887161748205 1788.8881655898438
6.257892560113903 -220.28038027263008 1788.9468785608449
6.415423888213481 -220.17204437043966 1789.005591531846
6.572955216313067 -220.06370846824925 1789.064304502847
6.729007900469959 -219.9547438913886 1789.125739678089
6.885060584626852 -219.84577931452796 1789.187174853331
7.0411132687837465 -219.73681473766732 1789.248610028573
7.193000128467282 -219.62356928011127 1789.3126869214316
7.344886988150827 -219.51032382255522 1789.37676381429
7.496773847834355 -219.39707836499917 1789.4408407071485
7.64222581736069 -219.27685525200553 1789.507098745627
7.787677786887019 -219.15663213901192 1789.5733567841057
7.933129756413366 -219.03640902601828 1789.6396148225842
8.071097301514474 -218.90839992116406 1789.7072803645772
8.209064846615583 -218.78039081630982 1789.77494590657
8.347032391716706 -218.65238171145558 1789.842611448563
8.478095551128295 -218.51759630251786 1789.9108415136557
8.609158710539884 -218.38281089358014 1789.9790715787483
8.740221869951469 -218.24802548464243 1790.047301643841
8.86641219504662 -218.10860830470838 1790.1154107606435
8.992602520141775 -217.9691911247743 1790.183519877446
9.118792845236953 -217.82977394484024 1790.2516289942484
9.24267972359847 -217.68804402588285 1790.319191346503
9.366566601959985 -217.54631410692545 1790.3867536987575
9.490453480321495 -217.40458418796806 1790.454316051012
9.614304289502206 -217.26238688772995 1790.5209561655847
9.738155098682906 -217.12018958749184 1790.5875962801576
9.86200590786362 -216.9779922872537 1790.6542363947303
9.987385373312035 -216.83643778029642 1790.7193694217133
10.112764838760455 -216.69488327333914 1790.7845024486962
10.238144304208886 -216.55332876638184 1790.849635475679
10.365721767781686 -216.41271057940492 1790.912488608295
10.493299231354484 -216.272092392428 1790.975341740911
10.62087669492728 -216.13147420545107 1791.0381948735271
10.750363175373181 -215.99112811141035 1791.0976610426424
10.87984965581908 -215.85078201736965 1791.1571272117576
11.009336136264967 -215.71043592332896 1791.216593380873
11.139652056672212 -215.56894441539401 1791.2713465914703
11.269967977079457 -215.4274529074591 1791.3260998020676
11.400283897486693 -215.28596139952418 1791.3808530126648
11.529781980323417 -215.14150072338364 1791.4294468352211
11.659280063160143 -214.99704004724308 1791.4780406577775
11.78877814599688 -214.8525793711025 1791.5266344803335
11.915636754999776 -214.70353717558993 1791.5677844168904
12.042495364002669 -214.55449498007735 1791.6089343534475
12.16935397300557 -214.40545278456477 1791.6500842900043
12.292306576935555 -214.2512130175075 1791.683141081212
12.415259180865535 -214.09697325045022 1791.7161978724198
12.538211784795521 -213.9427334833929 1791.7492546636274
12.657236149336851 -213.78400046295653 1791.7744940944585
12.776260513878185 -213.62526744252014 1791.7997335252896
12.895284878419524 -213.46653442208375 1791.8249729561205
13.011875555828652 -213.30508388468468 1791.8434212057618
13.128466233237779 -213.1436333472856 1791.8618694554032
13.245056910646905 -212.9821828098865 1791.8803177050443
13.361642422527456 -212.82020319390048 1791.8933722990469
13.478227934408006 -212.65822357791447 1791.9064268930495
13.594813446288553 -212.49624396192843 1791.9194814870518
13.714066880482582 -212.33593208707447 1791.928353984656
13.83332031467661 -212.1756202122205 1791.9372264822603
13.952573748870638 -212.01530833736655 1791.9460989798645
14.076818766238398 -211.8586778385026 1791.9515819065386
14.20106378360616 -211.70204733963863 1791.9570648332128
14.325308800973925 -211.54541684077466 1791.962547759887
14.456187536636305 -211.3942039401691 1791.964874827112
14.587066272298689 -211.24299103956352 1791.967201894337
14.717945007961074 -211.09177813895798 1791.969528961562
14.856088518281716 -210.9471574807192 1791.9684173110427
14.99423202860236 -210.80253682248045 1791.9673056605236
15.132375538923 -210.65791616424167 1791.9661940100043
15.277399823945554 -210.52029262611197 1791.9609291732204
15.42242410896811 -210.38266908798226 1791.9556643364365
15.56744839399067 -210.2450455498526 1791.9503994996526
15.717910223689119 -210.11370635017246 1791.9398518728494
15.868372053387567 -209.98236715049234 1791.9293042460463
16.018833883086014 -209.85102795081218 1791.9187566192434
16.172485443790656 -209.72412960675393 1791.9017858158356
16.3261370044953 -209.5972312626957 1791.8848150124281
16.47978856519994 -209.47033291863744 1791.8678442090204
16.63385034458078 -209.34514124182857 1791.8435129083607
16.78791212396162 -209.2199495650197 1791.819181607701
16.941973903342454 -209.09475788821084 1791.7948503070413
17.09362277448872 -208.96834663134092 1791.7628688434002
17.24527164563498 -208.841935374471 1791.730887379759
17.39692051678124 -208.7155241176011 1791.6989059161178
17.543810778327266 -208.58560904630122 1791.6595952901741
17.69070103987329 -208.45569397500134 1791.6202846642304
17.837591301419312 -208.32577890370146 1791.5809740382867
17.9783153196503 -208.1912105607438 1791.5352781766956
18.119039337881294 -208.05664221778613 1791.4895823151044
18.2597633561123 -207.92207387482847 1791.4438864535132
18.39381515379585 -207.78274187659542 1791.392732667669
18.527866951479403 -207.64340987836238 1791.3415788818247
18.66191874916296 -207.50407788012933 1791.2904250959805
18.789554999021565 -207.36059180645088 1791.2345615624154
18.917191248880172 -207.2171057327724 1791.1786980288502
19.04482749873879 -207.07361965909394 1791.1228344952854
19.166754962095222 -206.92699968436497 1791.0625329472957
19.288682425451654 -206.780379709636 1791.002231399306
19.410609888808086 -206.63375973490704 1790.9419298513164
19.532537352164525 -206.48713976017808 1790.8816283033268
19.648069288618014 -206.33802528775826 1790.8151659397347
19.763601225071493 -206.18891081533843 1790.7487035761424
19.87913316152499 -206.0397963429186 1790.6822412125503
19.9913041875625 -205.8906832318181 1790.6102485669842
20.103475213599996 -205.74157012071757 1790.5382559214179
20.215646239637508 -205.59245700961702 1790.4662632758518
20.326157373986923 -205.44541395316423 1790.3877417582032
20.436668508336346 -205.29837089671145 1790.3092202405546
20.547179642685784 -205.15132784025863 1790.2306987229063
20.658459011678595 -205.00897349677552 1790.1449540850094
20.76973838067141 -204.86661915329245 1790.0592094471126
20.88398097190084 -204.7299514906752 1789.9682667159907
20.998223563130264 -204.59328382805796 1789.8773239848688
21.112466154359677 -204.45661616544075 1789.7863812537466
21.232859895506117 -204.32923118165868 1789.690056734544
21.353253636652568 -204.20184619787662 1789.5937322153413
21.473647377799036 -204.07446121409453 1789.497407696139
21.60285173417589 -203.9586960452871 1789.3978855378814
21.732056090552742 -203.84293087647967 1789.2983633796239
21.8612604469296 -203.72716570767227 1789.1988412213664
22.000320785203026 -203.62349634819503 1789.0992676996607
22.13938112347646 -203.5198269887178 1788.999694177955
22.278441461749914 -203.41615762924056 1788.9001206562493
22.426724820160505 -203.32344053507197 1788.803086713387
22.575008178571085 -203.23072344090338 1788.7060527705248
22.723291536981645 -203.1380063467348 1788.6090188276623
22.879269975807837 -203.05430452746668 1788.5159342850543
23.03524841463403 -202.97060270819856 1788.4228497424463
23.191226853460222 -202.88690088893046 1788.3297651998382
23.353249115211252 -202.8102606664284 1788.2410236481733
23.515271376962275 -202.73362044392636 1788.1522820965083
23.677293638713284 -202.6569802214243 1788.0635405448431
23.839315900464324 -202.58033999892226 1787.9747989931782
24.00732937106254 -202.51083411628682 1787.8914898941757
24.175342841660747 -202.44132823365138 1787.8081807951733
24.343356312258937 -202.37182235101596 1787.7248716961706
24.514796864070735 -202.30636372808485 1787.645352479132
24.686237415882523 -202.24090510515373 1787.5658332620935
24.857677967694293 -202.17544648222264 1787.4863140450548
25.031778420447694 -202.11316774634318 1787.4100881215884
25.205878873201073 -202.05088901046372 1787.3338621981218
25.381599270354076 -201.99053840812843 1787.2598341843557
25.557319667507077 -201.93018780579314 1787.1858061705896
-17.0607 -244.4724 1834.3211
-16.980573754235486 -244.65305599177674 1834.290388481398
-16.900447508470975 -244.83371198355348 1834.259676962796
-16.82032126270647 -245.01436797533023 1834.2289654441938
-16.711648601660585 -245.18081653146456 1834.2069397568719
-16.602975940614698 -245.34726508759888 1834.1849140695501
-16.49430327956882 -245.5137136437332 1834.1628883822282
-16.37485207315945 -245.6723447487365 1834.139064406641
-16.25540086675008 -245.83097585373977 1834.1152404310537
-16.135949660340714 -245.98960695874305 1834.0914164554663
-16.01649845393134 -246.14823806374633 1834.067592479879
-15.888896946456976 -246.29879075109648 1834.0351618828768
-15.761295438982607 -246.44934343844662 1834.0027312858745
-15.633693931508233 -246.59989612579676 1833.9703006888722
-15.500784046876646 -246.74217678033057 1833.9245712900936
-15.36787416224506 -246.88445743486437 1833.878841891315
-15.234964277613473 -247.02673808939818 1833.8331124925364
-15.102054392981888 -247.16901874393199 1833.7873830937579
-14.96791686577145 -247.29557519669132 1833.7099842044968
-14.83377933856101 -247.42213164945065 1833.6325853152357
-14.713112304526659 -247.53492783286336 1833.519817909019
-14.59244527049232 -247.64772401627604 1833.4070505028021
-14.50805717805161 -247.74289321706033 1833.2527084376472
-14.423669085610914 -247.83806241784458 1833.0983663724924
-14.390675166128553 -247.91667156229292 1832.9174464905382
-14.357681246646186 -247.99528070674126 1832.736526608584
-14.360513311451115 -248.06686584564014 1832.5497980695286
-14.363345376256042 -248.13845098453902 1832.3630695304732
-14.36617744106097 -248.2100361234379 1832.1763409914179
-14.386038263315175 -248.28095708283365 1831.9903953938422
-14.405899085569382 -248.35187804222943 1831.8044497962665
-14.420436479414755 -248.42308946028035 1831.6181232063245
-14.43497387326013 -248.4943008783313 1831.4317966163826
-14.449511267105509 -248.56551229638225 1831.2454700264407
-14.448994755632064 -248.6342594470253 1831.0576574536603
-14.44847824415862 -248.70300659766835 1830.86984488088
-14.447961732685178 -248.77175374831143 1830.6820323080997
-14.427278761249598 -248.83596012293592 1830.4937512518295
-14.406595789814016 -248.90016649756043 1830.3054701955593
-14.385912818378428 -248.96437287218495 1830.1171891392892
-14.345048911991936 -249.0261421741464 1829.9314078310529
-14.304185005605452 -249.08791147610782 1829.7456265228163
-14.263321099218956 -249.14968077806927 1829.55984521458
-14.205418398849366 -249.21540459459695 1829.3800462790132
-14.147515698479769 -249.28112841112466 1829.2002473434463
-14.089612998110157 -249.34685222765236 1829.0204484078795
-14.01826397001361 -249.42385076098844 1828.8502116843038
-13.946914941917052 -249.50084929432455 1828.679974960728
-13.875565913820477 -249.5778478276607 1828.5097382371525
-13.792459876478727 -249.669829694284 1828.3527900840259
-13.709353839136964 -249.76181156090735 1828.1958419308994
-13.626247801795222 -249.85379342753066 1828.0388937777727
-13.530083933713174 -249.95850551995585 1827.8982243490561
-13.43392006563112 -250.06321761238104 1827.7575549203395
-13.337756197549055 -250.16792970480623 1827.616885491623
-13.224690296190632 -250.27826414826617 1827.4942379782508
-13.11162439483222 -250.38859859172612 1827.3715904648786
-12.998558493473823 -250.49893303518604 1827.2489429515065
-12.86463440107909 -250.6052395960066 1827.1451968546992
-12.730710308684358 -250.71154615682718 1827.0414507578919
-12.596786216289626 -250.81785271764775 1826.9377046610846
-12.441593442801341 -250.91127365276387 1826.8529241684048
-12.286400669313071 -251.00469458787995 1826.7681436757248
-12.131207895824785 -251.09811552299607 1826.683363183045
-11.960157069341504 -251.1759023539802 1826.614873594896
-11.789106242858225 -251.25368918496434 1826.5463840067468
-11.618055416374949 -251.33147601594848 1826.4778944185978
-11.439584725655294 -251.40047884572664 1826.419698009459
-11.261114034935638 -251.4694816755048 1826.36150160032
-11.082643344215976 -251.53848450528298 1826.3033051911812
-10.904710201352671 -251.61138963391912 1826.2483084741034
-10.726777058489372 -251.68429476255523 1826.1933117570256
-10.548843915626088 -251.75719989119133 1826.1383150399477
-10.378720678735856 -251.84550753332826 1826.081219991036
-10.208597441845614 -251.93381517546518 1826.0241249421247
-10.038474204955387 -252.0221228176021 1825.967029893213
-9.881971370083491 -252.13053805152325 1825.9057681618394
-9.725468535211586 -252.23895328544438 1825.844506430466
-9.568965700339703 -252.34736851936552 1825.7832446990924
-9.427286448715844 -252.4726948354291 1825.7182808309715
-9.285607197091986 -252.5980211514927 1825.6533169628506
-9.143927945468128 -252.7233474675563 1825.5883530947297
-9.013397440099089 -252.85893351365488 1825.5206906141998
-8.882866934730052 -252.99451955975346 1825.45302813367
-8.752336429361018 -253.13010560585204 1825.38536565314
-8.628031751044187 -253.27029134997386 1825.3153920574516
-8.503727072727349 -253.41047709409568 1825.2454184617632
-8.3794223944105 -253.55066283821753 1825.175444866075
-8.259087091049063 -253.69297893652222 1825.1028808052167
-8.138751787687628 -253.83529503482688 1825.0303167443585
-8.018416484326208 -253.97761113313155 1824.9577526835
-7.905141047370702 -254.12404967957787 1824.8820927370473
-7.791865610415188 -254.27048822602418 1824.8064327905945
-7.678590173459662 -254.4169267724705 1824.7307728441417
-7.581249502543747 -254.57295745151623 1824.652164823036
-7.483908831627833 -254.72898813056196 1824.5735568019302
-7.386568160711924 -254.88501880960766 1824.4949487808244
-7.314268395788977 -255.05373544998702 1824.415529392441
-7.2419686308660225 -255.22245209036637 1824.3361100040577
-7.1696688659430805 -255.39116873074573 1824.2566906156742
-7.123041717584252 -255.5695382031968 1824.179164875862
-7.076414569225427 -255.74790767564787 1824.1016391360495
-7.029787420866596 -255.92627714809893 1824.0241133962372
-7.002874668250492 -256.10989415847945 1823.9495446544915
-6.975961915634389 -256.29351116886 1823.8749759127459
-6.9490491630182865 -256.4771281792405 1823.8004071710002
-6.935642143264922 -256.66328693831525 1823.7285380660867
-6.922235123511559 -256.84944569739 1823.6566689611732
-6.908828103758196 -257.0356044564648 1823.5847998562597
-6.895421084004832 -257.2217632155396 1823.5129307513462
-6.895273382838488 -257.40958749151 1823.444213798994
-6.895125681672144 -257.5974117674804 1823.375496846642
-6.894977980505799 -257.7852360434508 1823.3067798942898
-2.8467 -239.1287 1844.8412
-2.913112441108253 -238.9560356449887 1844.7651973146885
-2.9795248822165026 -238.78337128997742 1844.689194629377
-3.04709881352859 -238.6099330879262 1844.6160307456892
-3.1146727448406826 -238.436494885875 1844.5428668620013
-3.182246676152785 -238.26305668382375 1844.4697029783138
-3.251279487868467 -238.0881752206897 1844.4015051428737
-3.3203122995841454 -237.91329375755566 1844.3333073074334
-3.389345111299833 -237.7384122944216 1844.2651094719934
-3.4591615379373346 -237.56137840933462 1844.203589799509
-3.5289779645748367 -237.38434452424764 1844.1420701270247
-3.5987943912123406 -237.20731063916065 1844.0805504545403
-3.6675174710008815 -237.02705249266268 1844.0277855142344
-3.73624055078942 -236.84679434616473 1843.9750205739283
-3.8009769938830065 -236.66301863693133 1843.929902045236
-3.8657134369765935 -236.47924292769795 1843.8847835165438
-3.9304498800701744 -236.29546721846458 1843.8396649878516
-3.983476092522256 -236.10588764421615 1843.8043406928018
-4.036502304974335 -235.91630806996773 1843.7690163977518
-4.073595728227751 -235.72239346275606 1843.7370601298019
-4.110689151481166 -235.5284788555444 1843.705103861852
-4.129487333317736 -235.33246619717033 1843.6700943471913
-4.148285515154307 -235.13645353879627 1843.6350848325308
-4.167083696990876 -234.94044088042222 1843.60007531787
-4.164350064071779 -234.74579761714475 1843.5541783973658
-4.161616431152681 -234.55115435386725 1843.5082814768618
-4.1511264847649265 -234.359126439173 1843.453370266686
-4.140636538377172 -234.16709852447875 1843.3984590565103
-4.130146591989416 -233.97507060978447 1843.3435478463348
-4.114539569403929 -233.78637086774873 1843.2791364482623
-4.0989325468184425 -233.597671125713 1843.2147250501898
-4.083325524232959 -233.40897138367725 1843.1503136521173
-4.065911806128379 -233.22288220587996 1843.079126712806
-4.048498088023799 -233.03679302808266 1843.0079397734949
-4.031084369919219 -232.85070385028533 1842.9367528341836
-4.013269971021793 -232.6665045658364 1842.8609025157898
-3.995455572124365 -232.48230528138745 1842.7850521973962
-3.953344196121964 -232.30695052551968 1842.698580574272
-3.9112328201195634 -232.1315957696519 1842.6121089511478
-3.869121444117163 -231.95624101378414 1842.5256373280235
-3.792912081175845 -231.79835703562492 1842.4293835881444
-3.7167027182345223 -231.64047305746567 1842.3331298482656
-3.6404933552932066 -231.48258907930645 1842.2368761083865
-3.5642839923518803 -231.3247051011472 1842.1406223685076
-3.5303 -231.2543 1842.0977
