43.247025	-170.662064	1837.331897
42.975125	-170.662064	1837.370997
42.986225	-170.738664	1837.370997
42.986225	-170.585464	1837.370997
43.018325	-170.809064	1837.370997
43.018325	-170.515064	1837.370997
43.069025	-170.867464	1837.370997
43.069025	-170.456664	1837.370997
43.134125	-170.909364	1837.370997
43.134125	-170.414764	1837.370997
43.208425	-170.931164	1837.370997
43.208425	-170.392964	1837.370997
43.285625	-170.931164	1837.370997
43.285625	-170.392964	1837.370997
43.359925	-170.909364	1837.370997
43.359925	-170.414764	1837.370997
43.425025	-170.867464	1837.370997
43.425025	-170.456664	1837.370997
43.475725	-170.809064	1837.370997
43.475725	-170.515064	1837.370997
43.507825	-170.738664	1837.370997
43.507825	-170.585464	1837.370997
43.518925	-170.662064	1837.370997
42.725325	-170.662064	1837.485197
42.746525	-170.808964	1837.485197
42.746525	-170.515164	1837.485197
42.808225	-170.944064	1837.485197
42.808225	-170.380064	1837.485197
42.905425	-171.056264	1837.485197
42.905425	-170.267864	1837.485197
43.030325	-171.136564	1837.485197
43.030325	-170.187564	1837.485197
43.172825	-171.178364	1837.485197
43.172825	-170.145764	1837.485197
43.321225	-171.178364	1837.485197
43.321225	-170.145764	1837.485197
43.463725	-171.136564	1837.485197
43.463725	-170.187564	1837.485197
43.588625	-171.056264	1837.485197
43.588625	-170.267864	1837.485197
43.685825	-170.944064	1837.485197
43.685825	-170.380064	1837.485197
43.747525	-170.808964	1837.485197
43.747525	-170.515164	1837.485197
43.768725	-170.662064	1837.485197
42.517725	-170.662064	1837.664997
42.547325	-170.867464	1837.664997
42.547325	-170.456664	1837.664997
42.633525	-171.056264	1837.664997
42.633525	-170.267864	1837.664997
42.769525	-171.213164	1837.664997
42.769525	-170.110964	1837.664997
42.944125	-171.325364	1837.664997
42.944125	-169.998764	1837.664997
43.143325	-171.383864	1837.664997
43.143325	-169.940264	1837.664997
43.350725	-171.383864	1837.664997
43.350725	-169.940264	1837.664997
43.549925	-171.325364	1837.664997
43.549925	-169.998764	1837.664997
43.724525	-171.213164	1837.664997
43.724525	-170.110964	1837.664997
43.860525	-171.056264	1837.664997
43.860525	-170.267864	1837.664997
43.946725	-170.867464	1837.664997
43.946725	-170.456664	1837.664997
43.976325	-170.662064	1837.664997
42.369225	-170.662064	1837.896097
42.404825	-170.909364	1837.896097
42.404825	-170.414764	1837.896097
42.508625	-171.136564	1837.896097
42.508625	-170.187564	1837.896097
42.672225	-171.325364	1837.896097
42.672225	-169.998764	1837.896097
42.882425	-171.460464	1837.896097
42.882425	-169.863664	1837.896097
43.122125	-171.530864	1837.896097
43.122125	-169.793264	1837.896097
43.371925	-171.530864	1837.896097
43.371925	-169.793264	1837.896097
43.611625	-171.460464	1837.896097
43.611625	-169.863664	1837.896097
43.821825	-171.325364	1837.896097
43.821825	-169.998764	1837.896097
43.985425	-171.136564	1837.896097
43.985425	-170.187564	1837.896097
44.089225	-170.909364	1837.896097
44.089225	-170.414764	1837.896097
44.124825	-170.662064	1837.896097
42.291825	-170.662064	1838.159697
42.330525	-170.931164	1838.159697
42.330525	-170.392964	1838.159697
42.443525	-171.178464	1838.159697
42.443525	-170.145664	1838.159697
42.621525	-171.383864	1838.159697
42.621525	-169.940264	1838.159697
42.850225	-171.530864	1838.159697
42.850225	-169.793264	1838.159697
43.111125	-171.607464	1838.159697
43.111125	-169.716664	1838.159697
43.382925	-171.607464	1838.159697
43.382925	-169.716664	1838.159697
43.643825	-171.530864	1838.159697
43.643825	-169.793264	1838.159697
43.872525	-171.383864	1838.159697
43.872525	-169.940264	1838.159697
44.050525	-171.178464	1838.159697
44.050525	-170.145664	1838.159697
44.163525	-170.931164	1838.159697
44.163525	-170.392964	1838.159697
44.202225	-170.662064	1838.159697
42.291825	-170.662064	1838.434297
42.330525	-170.931164	1838.434297
42.330525	-170.392964	1838.434297
42.443525	-171.178464	1838.434297
42.443525	-170.145664	1838.434297
42.621525	-171.383864	1838.434297
42.621525	-169.940264	1838.434297
42.850225	-171.530864	1838.434297
42.850225	-169.793264	1838.434297
43.111125	-171.607464	1838.434297
43.111125	-169.716664	1838.434297
43.382925	-171.607464	1838.434297
43.382925	-169.716664	1838.434297
43.643825	-171.530864	1838.434297
43.643825	-169.793264	1838.434297
43.872525	-171.383864	1838.434297
43.872525	-169.940264	1838.434297
44.050525	-171.178464	1838.434297
44.050525	-170.145664	1838.434297
44.163525	-170.931164	1838.434297
44.163525	-170.392964	1838.434297
44.202225	-170.662064	1838.434297
42.369225	-170.662064	1838.697897
42.404825	-170.909364	1838.697897
42.404825	-170.414764	1838.697897
42.508625	-171.136564	1838.697897
42.508625	-170.187564	1838.697897
42.672225	-171.325364	1838.697897
42.672225	-169.998764	1838.697897
42.882425	-171.460464	1838.697897
42.882425	-169.863664	1838.697897
43.122125	-171.530864	1838.697897
43.122125	-169.793264	1838.697897
43.371925	-171.530864	1838.697897
43.371925	-169.793264	1838.697897
43.611625	-171.460464	1838.697897
43.611625	-169.863664	1838.697897
43.821825	-171.325364	1838.697897
43.821825	-169.998764	1838.697897
43.985425	-171.136564	1838.697897
43.985425	-170.187564	1838.697897
44.089225	-170.909364	1838.697897
44.089225	-170.414764	1838.697897
44.124825	-170.662064	1838.697897
42.517725	-170.662064	1838.928997
42.547325	-170.867464	1838.928997
42.547325	-170.456664	1838.928997
42.633525	-171.056264	1838.928997
42.633525	-170.267864	1838.928997
42.769525	-171.213164	1838.928997
42.769525	-170.110964	1838.928997
42.944125	-171.325364	1838.928997
42.944125	-169.998764	1838.928997
43.143325	-171.383864	1838.928997
43.143325	-169.940264	1838.928997
43.350725	-171.383864	1838.928997
43.350725	-169.940264	1838.928997
43.549925	-171.325364	1838.928997
43.549925	-169.998764	1838.928997
43.724525	-171.213164	1838.928997
43.724525	-170.110964	1838.928997
43.860525	-171.056264	1838.928997
43.860525	-170.267864	1838.928997
43.946725	-170.867464	1838.928997
43.946725	-170.456664	1838.928997
43.976325	-170.662064	1838.928997
42.725325	-170.662064	1839.108797
42.746525	-170.808964	1839.108797
42.746525	-170.515164	1839.108797
42.808225	-170.944064	1839.108797
42.808225	-170.380064	1839.108797
42.905425	-171.056264	1839.108797
42.905425	-170.267864	1839.108797
43.030325	-171.136564	1839.108797
43.030325	-170.187564	1839.108797
43.172825	-171.178364	1839.108797
43.172825	-170.145764	1839.108797
43.321225	-171.178364	1839.108797
43.321225	-170.145764	1839.108797
43.463725	-171.136564	1839.108797
43.463725	-170.187564	1839.108797
43.588625	-171.056264	1839.108797
43.588625	-170.267864	1839.108797
43.685825	-170.944064	1839.108797
43.685825	-170.380064	1839.108797
43.747525	-170.808964	1839.108797
43.747525	-170.515164	1839.108797
43.768725	-170.662064	1839.108797
42.975125	-170.662064	1839.222997
42.986225	-170.738664	1839.222997
42.986225	-170.585464	1839.222997
43.018325	-170.809064	1839.222997
43.018325	-170.515064	1839.222997
43.069025	-170.867464	1839.222997
43.069025	-170.456664	1839.222997
43.134125	-170.909364	1839.222997
43.134125	-170.414764	1839.222997
43.208425	-170.931164	1839.222997
43.208425	-170.392964	1839.222997
43.285625	-170.931164	1839.222997
43.285625	-170.392964	1839.222997
43.359925	-170.909364	1839.222997
43.359925	-170.414764	1839.222997
43.425025	-170.867464	1839.222997
43.425025	-170.456664	1839.222997
43.475725	-170.809064	1839.222997
43.475725	-170.515064	1839.222997
43.507825	-170.738664	1839.222997
43.507825	-170.585464	1839.222997
43.518925	-170.662064	1839.222997
43.247025	-170.662064	1839.262097
