5 17.19 -25.22 3.06
6 -6.70 1.21 -0.18
7 -7.17 -0.30 0.25
8 -26.44 28.38 -3.27
9 3.60 -10.07 1.62
10 4.15 -10.64 1.93
11 -4.95 3.55 0.21
12 -3.52 2.34 0.36
13 11.11 -17.53 2.73
14 -3.97 2.87 0.31
15 -9.79 11.72 -0.59
16 -5.65 5.87 0.06
17 -14.50 19.89 -1.49
18 -5.10 7.81 -0.16
19 68.93 -100.40 12.11
20 81.64 -129.05 14.53
21 122.63 -197.24 21.89
22 130.19 -220.45 23.90
23 114.48 -212.65 22.34
24 108.71 -212.04 22.12
25 92.02 -194.88 20.34
26 57.02 -147.67 14.94
27 43.30 -131.52 13.17
28 -1.89 -65.40 5.68
29 -7.43 -59.76 5.07
30 -35.71 -22.20 0.76
31 -49.68 -5.29 -1.21
32 -27.96 -38.28 2.58
33 -45.46 -13.58 -0.14
34 -45.16 -14.05 0.05
35 -15.27 -55.79 4.84
36 -1.11 -76.36 7.12
37 -9.19 -61.59 5.49
38 -8.52 -63.40 5.48
39 12.56 -93.86 8.99
40 14.61 -95.17 9.35
41 -12.71 -56.13 4.96
42 -19.53 -44.57 3.82
43 -36.30 -21.51 1.24
44 -53.97 6.12 -1.62
45 -84.29 53.85 -6.66
46 -74.34 40.74 -5.06
47 -50.79 7.19 -1.24
48 -41.97 -2.33 -0.10
49 -35.83 -14.09 1.02
50 -32.05 -24.34 1.79
51 -44.71 -13.58 0.17
52 -9.03 -72.57 6.24
53 -65.49 3.14 -2.82
54 -49.85 -23.46 0.01
55 -54.09 -20.52 -0.51
56 -54.36 -24.41 -0.19
57 -53.32 -29.35 0.42
58 -62.49 -17.75 -0.86
59 -41.91 -48.57 3.00
60 -3.67 -95.49 9.36
61 40.02 -150.42 16.71
62 25.95 -128.03 14.57
63 23.89 -124.32 14.38
64 3.96 -96.66 11.23
65 -9.26 -86.06 9.69
66 -29.85 -56.11 6.01
67 -28.18 -56.82 6.49
68 -31.90 -52.26 6.07
69 -67.29 0.26 -0.15
70 -69.68 -0.90 -0.36
71 -66.51 -10.14 0.09
72 -66.99 -15.25 0.27
73 -33.14 -67.83 6.55
74 -25.10 -95.59 9.58
75 6.69 -142.76 15.71
76 8.67 -142.57 15.57
77 -49.77 -43.25 4.03
78 -24.92 -73.57 7.75
79 -41.97 -42.71 4.43
80 -27.46 -59.23 6.66
81 -61.28 -10.35 0.94
82 -119.11 70.30 -9.02
83 -122.89 76.58 -10.21
84 -80.93 13.91 -3.21
85 -76.55 0.41 -1.90
86 -60.75 -19.84 1.02
87 -67.34 -9.23 0.25
88 -67.28 -8.49 0.42
90 -39.18 -31.02 3.38
91 -52.31 -5.13 0.26
92 -48.39 -7.45 0.41
93 -47.02 -11.07 0.41
94 -57.21 1.68 -1.31
95 -53.06 -6.78 -0.52
96 -53.53 -9.59 -0.13
97 -49.28 -7.39 0.18
98 -45.63 -5.24 0.58
99 -45.65 -6.91 1.17
100 -99.17 51.22 -5.45
101 -52.81 -18.71 2.60
102 -34.90 -46.06 5.69
103 7.24 -101.18 12.19
104 42.82 -149.99 17.68
105 62.69 -174.21 20.24
106 101.39 -220.80 25.88
107 106.24 -224.91 25.89
108 56.85 -152.25 17.30
109 67.77 -159.37 17.94
110 10.12 -73.08 7.80
111 -36.94 3.05 -0.84
112 -44.57 17.38 -2.63
113 -57.67 42.08 -5.30
114 -62.90 55.33 -6.50
115 -38.18 23.38 -2.31
116 -40.08 30.43 -2.68
117 -30.08 19.54 -0.86
118 -92.99 113.64 -11.58
119 -153.23 193.39 -20.43
120 -198.66 259.20 -27.89
121 -219.22 289.15 -31.22
122 -224.72 297.49 -32.21
123 -231.76 307.44 -33.49
124 -237.40 313.63 -34.48
125 -228.19 297.27 -32.65
126 -233.83 304.91 -33.77
127 -237.69 307.61 -34.62
128 -217.36 270.86 -31.09
129 -202.14 246.10 -29.43
130 -195.38 238.03 -29.25
131 -103.55 112.99 -14.64
132 -56.11 51.35 -7.46
133 -18.66 4.12 -1.64
134 -20.65 12.94 -2.39
135 -1.16 -9.90 0.34
136 -4.10 2.02 -0.43
137 -3.77 5.24 -0.21
138 -1.32 6.75 0.18
139 -3.64 13.14 0.00
140 -3.47 17.48 -0.15
141 -4.39 20.51 -0.10
142 4.41 10.80 1.23
143 -1.31 21.24 0.16
144 -9.18 34.96 -1.41
145 0.16 22.56 -0.05
146 0.28 22.29 0.02
147 -33.71 77.98 -6.30
148 -25.31 71.77 -5.23
149 -13.47 61.16 -3.70
150 -22.47 79.78 -5.62
151 -32.25 100.76 -7.64
152 -37.97 109.68 -8.45
153 -38.82 112.02 -8.18
154 -41.66 111.45 -7.98
155 -44.73 112.07 -8.09
156 -36.22 101.31 -6.69
157 -22.94 84.66 -4.56
158 -19.96 83.34 -4.22
159 -14.53 76.40 -3.37
160 -19.23 84.02 -4.31
161 -11.01 74.10 -2.92
162 -8.74 70.83 -2.12
163 -4.47 63.09 -1.01
164 11.30 39.58 1.96
165 25.15 13.58 4.84
166 38.31 -7.69 7.43
167 57.64 -37.32 10.68
168 62.82 -49.85 11.99
169 72.18 -67.10 13.96
170 75.27 -77.28 14.86
171 83.49 -96.81 17.03
172 82.13 -104.62 17.84
173 82.94 -114.13 18.83
174 59.85 -97.03 16.48
175 40.54 -81.89 14.41
176 18.24 -56.47 11.39
177 -8.32 -23.70 7.67
178 -29.68 2.85 4.59
179 -44.45 19.81 2.57
180 -75.36 58.81 -2.17
181 -84.87 70.16 -3.62
182 -98.31 86.89 -5.64
183 -105.61 97.10 -6.69
184 -98.86 88.52 -5.58
185 -107.99 98.83 -6.90
186 -96.89 80.31 -5.11
187 -95.04 72.31 -4.81
188 -142.56 131.25 -12.69
189 -131.60 120.54 -11.37
190 -114.34 99.43 -8.74
191 -121.65 111.62 -10.44
192 -47.34 7.75 0.40
193 -13.36 -40.86 5.33
194 -0.72 -59.25 6.84
195 10.64 -79.44 8.34
196 38.52 -122.53 12.44
197 36.94 -122.66 12.16
198 43.26 -135.60 13.02
199 57.48 -162.18 15.25
200 69.64 -187.07 17.10
201 85.51 -220.65 19.95
202 82.72 -224.76 19.96
203 57.56 -193.65 16.07
204 41.32 -173.04 12.99
205 27.47 -152.75 10.49
206 -8.60 -101.98 4.33
207 -77.78 -4.89 -7.51
208 -95.40 20.45 -10.50
209 -159.17 122.16 -22.62
210 -188.62 173.72 -29.04
211 -182.40 162.55 -27.52
212 -164.69 134.79 -24.03
213 -140.49 97.75 -19.44
214 -102.99 43.78 -12.78
215 -93.04 29.84 -10.85
216 -75.69 1.57 -7.28
217 -37.60 -57.50 -0.05
218 -11.74 -107.38 5.52
219 -10.75 -113.66 6.19
220 -3.49 -136.94 8.44
221 -23.62 -101.51 5.12
222 -38.63 -102.31 4.05
223 -47.22 -106.07 3.61
224 -60.10 -84.29 1.49
225 -69.31 -66.92 -0.14
226 -85.71 -42.25 -2.77
227 -109.16 -10.49 -6.14
228 -130.06 16.33 -8.81
229 -125.76 9.72 -7.26
230 -123.15 8.46 -6.22
231 -129.80 22.71 -7.16
232 -158.84 71.85 -12.28
233 -179.47 117.55 -17.03
234 -189.95 128.35 -17.59
235 -185.22 134.17 -18.48
236 -162.47 94.33 -13.87
237 -183.97 120.88 -16.51
238 -178.77 110.37 -14.92
239 -201.93 135.98 -17.75
240 -213.81 146.42 -18.83
241 -227.64 161.95 -20.51
242 -250.63 189.33 -23.74
243 -257.69 195.35 -24.39
244 -262.85 196.32 -24.51
245 -259.47 192.44 -23.79
246 -251.48 182.27 -22.30
247 -249.06 179.09 -22.00
248 -248.48 180.48 -21.95
249 -263.86 204.78 -24.54
250 -263.38 202.87 -24.25
251 -257.77 201.58 -23.82
252 -212.30 135.55 -16.24
253 -199.37 119.90 -14.28
254 -191.58 107.94 -12.90
255 -182.71 94.20 -11.03
256 -169.17 77.83 -8.98
257 -147.51 50.21 -5.53
258 -114.67 9.02 -0.39
259 -68.79 -43.57 6.36
260 -50.05 -62.30 8.94
261 -19.37 -99.54 13.50
262 -4.65 -113.80 15.28
263 21.20 -144.39 18.86
264 21.70 -140.35 18.60
265 70.29 -196.49 25.65
266 79.14 -200.23 26.25
267 97.56 -215.61 28.47
268 115.51 -231.05 30.64
269 143.67 -262.85 34.77
270 160.28 -276.49 36.85
271 189.71 -307.81 40.87
272 204.76 -322.83 42.94
273 217.80 -331.00 44.33
274 243.96 -361.74 48.26
275 263.75 -385.08 51.27
276 265.40 -383.30 51.37
277 294.66 -415.50 55.62
278 296.33 -417.03 55.83
279 320.08 -445.29 59.19
280 326.17 -453.84 59.91
281 348.98 -481.55 63.14
282 368.83 -511.44 66.11
283 382.58 -537.53 68.17
284 405.43 -566.98 71.13
285 399.61 -562.26 70.17
286 403.57 -554.18 71.13
287 405.60 -548.52 71.33
288 399.51 -532.79 69.60
289 425.80 -564.44 73.59
5 17.19 -25.22 3.06
6 -6.70 1.21 -0.18
7 -7.17 -0.30 0.25
8 -26.44 28.38 -3.27
9 3.60 -10.07 1.62
10 4.15 -10.64 1.93
11 -4.95 3.55 0.21
12 -3.52 2.34 0.36
13 11.11 -17.53 2.73
14 -3.97 2.87 0.31
15 -9.79 11.72 -0.59
16 -5.65 5.87 0.06
17 -14.50 19.89 -1.49
18 -5.10 7.81 -0.16
19 68.93 -100.40 12.11
20 81.64 -129.05 14.53
21 122.63 -197.24 21.89
22 130.19 -220.45 23.90
23 114.48 -212.65 22.34
24 108.71 -212.04 22.12
25 92.02 -194.88 20.34
26 57.02 -147.67 14.94
27 43.30 -131.52 13.17
28 -1.89 -65.40 5.68
29 -7.43 -59.76 5.07
30 -35.71 -22.20 0.76
31 -49.68 -5.29 -1.21
32 -27.96 -38.28 2.58
33 -45.46 -13.58 -0.14
34 -45.16 -14.05 0.05
35 -15.27 -55.79 4.84
36 -1.11 -76.36 7.12
37 -9.19 -61.59 5.49
38 -8.52 -63.40 5.48
39 12.56 -93.86 8.99
40 14.61 -95.17 9.35
41 -12.71 -56.13 4.96
42 -19.53 -44.57 3.82
43 -36.30 -21.51 1.24
44 -53.97 6.12 -1.62
45 -84.29 53.85 -6.66
46 -74.34 40.74 -5.06
47 -50.79 7.19 -1.24
48 -41.97 -2.33 -0.10
49 -35.83 -14.09 1.02
50 -32.05 -24.34 1.79
51 -44.71 -13.58 0.17
52 -9.03 -72.57 6.24
53 -65.49 3.14 -2.82
54 -49.85 -23.46 0.01
55 -54.09 -20.52 -0.51
56 -54.36 -24.41 -0.19
57 -53.32 -29.35 0.42
58 -62.49 -17.75 -0.86
59 -41.91 -48.57 3.00
60 -3.67 -95.49 9.36
61 40.02 -150.42 16.71
62 25.95 -128.03 14.57
63 23.89 -124.32 14.38
64 3.96 -96.66 11.23
65 -9.26 -86.06 9.69
66 -29.85 -56.11 6.01
67 -28.18 -56.82 6.49
68 -31.90 -52.26 6.07
69 -67.29 0.26 -0.15
70 -69.68 -0.90 -0.36
71 -66.51 -10.14 0.09
72 -66.99 -15.25 0.27
73 -33.14 -67.83 6.55
74 -25.10 -95.59 9.58
75 6.69 -142.76 15.71
76 8.67 -142.57 15.57
77 -49.77 -43.25 4.03
78 -24.92 -73.57 7.75
79 -41.97 -42.71 4.43
80 -27.46 -59.23 6.66
81 -61.28 -10.35 0.94
82 -119.11 70.30 -9.02
83 -122.89 76.58 -10.21
84 -80.93 13.91 -3.21
85 -76.55 0.41 -1.90
86 -60.75 -19.84 1.02
87 -67.34 -9.23 0.25
88 -67.28 -8.49 0.42
90 -39.18 -31.02 3.38
91 -52.31 -5.13 0.26
92 -48.39 -7.45 0.41
93 -47.02 -11.07 0.41
94 -57.21 1.68 -1.31
95 -53.06 -6.78 -0.52
96 -53.53 -9.59 -0.13
97 -49.28 -7.39 0.18
98 -45.63 -5.24 0.58
99 -45.65 -6.91 1.17
100 -99.17 51.22 -5.45
101 -52.81 -18.71 2.60
102 -34.90 -46.06 5.69
103 7.24 -101.18 12.19
104 42.82 -149.99 17.68
105 62.69 -174.21 20.24
106 101.39 -220.80 25.88
107 106.24 -224.91 25.89
108 56.85 -152.25 17.30
109 67.77 -159.37 17.94
110 10.12 -73.08 7.80
111 -36.94 3.05 -0.84
112 -44.57 17.38 -2.63
113 -57.67 42.08 -5.30
114 -62.90 55.33 -6.50
115 -38.18 23.38 -2.31
116 -40.08 30.43 -2.68
117 -30.08 19.54 -0.86
118 -92.99 113.64 -11.58
119 -153.23 193.39 -20.43
120 -198.66 259.20 -27.89
121 -219.22 289.15 -31.22
122 -224.72 297.49 -32.21
123 -231.76 307.44 -33.49
124 -237.40 313.63 -34.48
125 -228.19 297.27 -32.65
126 -233.83 304.91 -33.77
127 -237.69 307.61 -34.62
128 -217.36 270.86 -31.09
129 -202.14 246.10 -29.43
130 -195.38 238.03 -29.25
131 -103.55 112.99 -14.64
132 -56.11 51.35 -7.46
133 -18.66 4.12 -1.64
134 -20.65 12.94 -2.39
135 -1.16 -9.90 0.34
136 -4.10 2.02 -0.43
137 -3.77 5.24 -0.21
138 -1.32 6.75 0.18
139 -3.64 13.14 0.00
140 -3.47 17.48 -0.15
141 -4.39 20.51 -0.10
142 4.41 10.80 1.23
143 -1.31 21.24 0.16
144 -9.18 34.96 -1.41
145 0.16 22.56 -0.05
146 0.28 22.29 0.02
147 -33.71 77.98 -6.30
148 -25.31 71.77 -5.23
149 -13.47 61.16 -3.70
150 -22.47 79.78 -5.62
151 -32.25 100.76 -7.64
152 -37.97 109.68 -8.45
153 -38.82 112.02 -8.18
154 -41.66 111.45 -7.98
155 -44.73 112.07 -8.09
156 -36.22 101.31 -6.69
157 -22.94 84.66 -4.56
158 -19.96 83.34 -4.22
159 -14.53 76.40 -3.37
160 -19.23 84.02 -4.31
161 -11.01 74.10 -2.92
162 -8.74 70.83 -2.12
163 -4.47 63.09 -1.01
164 11.30 39.58 1.96
165 25.15 13.58 4.84
166 38.31 -7.69 7.43
167 57.64 -37.32 10.68
168 62.82 -49.85 11.99
169 72.18 -67.10 13.96
170 75.27 -77.28 14.86
171 83.49 -96.81 17.03
172 82.13 -104.62 17.84
173 82.94 -114.13 18.83
174 59.85 -97.03 16.48
175 40.54 -81.89 14.41
176 18.24 -56.47 11.39
177 -8.32 -23.70 7.67
178 -29.68 2.85 4.59
179 -44.45 19.81 2.57
180 -75.36 58.81 -2.17
181 -84.87 70.16 -3.62
182 -98.31 86.89 -5.64
183 -105.61 97.10 -6.69
184 -98.86 88.52 -5.58
185 -107.99 98.83 -6.90
186 -96.89 80.31 -5.11
187 -95.04 72.31 -4.81
188 -142.56 131.25 -12.69
189 -131.60 120.54 -11.37
190 -114.34 99.43 -8.74
191 -121.65 111.62 -10.44
192 -47.34 7.75 0.40
193 -13.36 -40.86 5.33
194 -0.72 -59.25 6.84
195 10.64 -79.44 8.34
196 38.52 -122.53 12.44
197 36.94 -122.66 12.16
198 43.26 -135.60 13.02
199 57.48 -162.18 15.25
200 69.64 -187.07 17.10
201 85.51 -220.65 19.95
202 82.72 -224.76 19.96
203 57.56 -193.65 16.07
204 41.32 -173.04 12.99
205 27.47 -152.75 10.49
206 -8.60 -101.98 4.33
5 17.19 -25.22 3.06
5 17.19 -25.22 3.06
6 -6.70 1.21 -0.18
7 -7.17 -0.30 0.25
8 -26.44 28.38 -3.27
9 3.60 -10.07 1.62
10 4.15 -10.64 1.93
11 -4.95 3.55 0.21
12 -3.52 2.34 0.36
13 11.11 -17.53 2.73
14 -3.97 2.87 0.31
15 -9.79 11.72 -0.59
16 -5.65 5.87 0.06
17 -14.50 19.89 -1.49
18 -5.10 7.81 -0.16
19 68.93 -100.40 12.11
20 81.64 -129.05 14.53
21 122.63 -197.24 21.89
22 130.19 -220.45 23.90
23 114.48 -212.65 22.34
24 108.71 -212.04 22.12
25 92.02 -194.88 20.34
26 57.02 -147.67 14.94
27 43.30 -131.52 13.17
28 -1.89 -65.40 5.68
29 -7.43 -59.76 5.07
30 -35.71 -22.20 0.76
31 -49.68 -5.29 -1.21
32 -27.96 -38.28 2.58
33 -45.46 -13.58 -0.14
34 -45.16 -14.05 0.05
35 -15.27 -55.79 4.84
36 -1.11 -76.36 7.12
37 -9.19 -61.59 5.49
38 -8.52 -63.40 5.48
39 12.56 -93.86 8.99
40 14.61 -95.17 9.35
41 -12.71 -56.13 4.96
42 -19.53 -44.57 3.82
43 -36.30 -21.51 1.24
44 -53.97 6.12 -1.62
45 -84.29 53.85 -6.66
46 -74.34 40.74 -5.06
47 -50.79 7.19 -1.24
48 -41.97 -2.33 -0.10
49 -35.83 -14.09 1.02
50 -32.05 -24.34 1.79
51 -44.71 -13.58 0.17
52 -9.03 -72.57 6.24
53 -65.49 3.14 -2.82
54 -49.85 -23.46 0.01
55 -54.09 -20.52 -0.51
56 -54.36 -24.41 -0.19
57 -53.32 -29.35 0.42
58 -62.49 -17.75 -0.86
59 -41.91 -48.57 3.00
60 -3.67 -95.49 9.36
61 40.02 -150.42 16.71
62 25.95 -128.03 14.57
63 23.89 -124.32 14.38
64 3.96 -96.66 11.23
65 -9.26 -86.06 9.69
66 -29.85 -56.11 6.01
67 -28.18 -56.82 6.49
68 -31.90 -52.26 6.07
69 -67.29 0.26 -0.15
70 -69.68 -0.90 -0.36
71 -66.51 -10.14 0.09
72 -66.99 -15.25 0.27
73 -33.14 -67.83 6.55
74 -25.10 -95.59 9.58
75 6.69 -142.76 15.71
76 8.67 -142.57 15.57
77 -49.77 -43.25 4.03
78 -24.92 -73.57 7.75
79 -41.97 -42.71 4.43
80 -27.46 -59.23 6.66
81 -61.28 -10.35 0.94
82 -119.11 70.30 -9.02
83 -122.89 76.58 -10.21
84 -80.93 13.91 -3.21
85 -76.55 0.41 -1.90
86 -60.75 -19.84 1.02
87 -67.34 -9.23 0.25
88 -67.28 -8.49 0.42
90 -39.18 -31.02 3.38
91 -52.31 -5.13 0.26
92 -48.39 -7.45 0.41
93 -47.02 -11.07 0.41
94 -57.21 1.68 -1.31
95 -53.06 -6.78 -0.52
96 -53.53 -9.59 -0.13
97 -49.28 -7.39 0.18
98 -45.63 -5.24 0.58
99 -45.65 -6.91 1.17
100 -99.17 51.22 -5.45
101 -52.81 -18.71 2.60
102 -34.90 -46.06 5.69
103 7.24 -101.18 12.19
5 17.19 -25.22 3.06
6 -6.70 1.21 -0.18
7 -7.17 -0.30 0.25
8 -26.44 28.38 -3.27
9 3.60 -10.07 1.62
10 4.15 -10.64 1.93
11 -4.95 3.55 0.21
12 -3.52 2.34 0.36
13 11.11 -17.53 2.73
14 -3.97 2.87 0.31
15 -9.79 11.72 -0.59
16 -5.65 5.87 0.06
17 -14.50 19.89 -1.49
18 -5.10 7.81 -0.16
19 68.93 -100.40 12.11
5 17.19 -25.22 3.06
5 17.19 -25.22 3.06
6 -6.70 1.21 -0.18
7 -7.17 -0.30 0.25
8 -26.44 28.38 -3.27
9 3.60 -10.07 1.62
10 4.15 -10.64 1.93
11 -4.95 3.55 0.21
12 -3.52 2.34 0.36
13 11.11 -17.53 2.73
14 -3.97 2.87 0.31
15 -9.79 11.72 -0.59
16 -5.65 5.87 0.06
17 -14.50 19.89 -1.49
18 -5.10 7.81 -0.16
19 68.93 -100.40 12.11
5 17.19 -25.22 3.06
6 -6.70 1.21 -0.18
7 -7.17 -0.30 0.25
5 17.19 -25.22 3.06
6 -6.70 1.21 -0.18
7 -7.17 -0.30 0.25
5 17.19 -25.22 3.06
6 -6.70 1.21 -0.18
7 -7.17 -0.30 0.25
5 17.19 -25.22 3.06
6 -6.70 1.21 -0.18
7 -7.17 -0.30 0.25
5 17.19 -25.22 3.06
6 -6.70 1.21 -0.18
7 -7.17 -0.30 0.25
5 17.19 -25.22 3.06
6 -6.70 1.21 -0.18
7 -7.17 -0.30 0.25
5 17.19 -25.22 3.06
6 -6.70 1.21 -0.18
7 -7.17 -0.30 0.25
5 17.19 -25.22 3.06
6 -6.70 1.21 -0.18
7 -7.17 -0.30 0.25
5 17.19 -25.22 3.06
6 -6.70 1.21 -0.18
7 -7.17 -0.30 0.25
5 17.19 -25.22 3.06
6 -6.70 1.21 -0.18
7 -7.17 -0.30 0.25
5 17.19 -25.22 3.06
6 -6.70 1.21 -0.18
7 -7.17 -0.30 0.25
5 17.19 -25.22 3.06
6 -6.70 1.21 -0.18
7 -7.17 -0.30 0.25
5 17.19 -25.22 3.06
6 -6.70 1.21 -0.18
7 -7.17 -0.30 0.25
5 17.19 -25.22 3.06
6 -6.70 1.21 -0.18
7 -7.17 -0.30 0.25
5 17.19 -25.22 3.06
6 -6.70 1.21 -0.18
7 -7.17 -0.30 0.25
5 17.19 -25.22 3.06
6 -6.70 1.21 -0.18
7 -7.17 -0.30 0.25
5 17.19 -25.22 3.06
6 -6.70 1.21 -0.18
7 -7.17 -0.30 0.25
5 17.19 -25.22 3.06
6 -6.70 1.21 -0.18
7 -7.17 -0.30 0.25
5 17.19 -25.22 3.06
6 -6.70 1.21 -0.18
7 -7.17 -0.30 0.25
5 17.19 -25.22 3.06
6 -6.70 1.21 -0.18
7 -7.17 -0.30 0.25
5 17.19 -25.22 3.06
6 -6.70 1.21 -0.18
7 -7.17 -0.30 0.25
5 17.19 -25.22 3.06
6 -6.70 1.21 -0.18
7 -7.17 -0.30 0.25
5 17.19 -25.22 3.06
6 -6.70 1.21 -0.18
7 -7.17 -0.30 0.25
5 17.19 -25.22 3.06
6 -6.70 1.21 -0.18
7 -7.17 -0.30 0.25
5 17.19 -25.22 3.06
6 -6.70 1.21 -0.18
7 -7.17 -0.30 0.25
5 17.19 -25.22 3.06
6 -6.70 1.21 -0.18
7 -7.17 -0.30 0.25
5 17.19 -25.22 3.06
6 -6.70 1.21 -0.18
7 -7.17 -0.30 0.25
5 17.19 -25.22 3.06
6 -6.70 1.21 -0.18
7 -7.17 -0.30 0.25
5 17.19 -25.22 3.06
6 -6.70 1.21 -0.18
7 -7.17 -0.30 0.25
8 -26.44 28.38 -3.27
9 3.60 -10.07 1.62
10 4.15 -10.64 1.93
11 -4.95 3.55 0.21
12 -3.52 2.34 0.36
13 11.11 -17.53 2.73
14 -3.97 2.87 0.31
15 -9.79 11.72 -0.59
16 -5.65 5.87 0.06
17 -14.50 19.89 -1.49
18 -5.10 7.81 -0.16
19 68.93 -100.40 12.11
20 81.64 -129.05 14.53
21 122.63 -197.24 21.89
22 130.19 -220.45 23.90
23 114.48 -212.65 22.34
24 108.71 -212.04 22.12
25 92.02 -194.88 20.34
26 57.02 -147.67 14.94
27 43.30 -131.52 13.17
28 -1.89 -65.40 5.68
29 -7.43 -59.76 5.07
30 -35.71 -22.20 0.76
31 -49.68 -5.29 -1.21
32 -27.96 -38.28 2.58
33 -45.46 -13.58 -0.14
34 -45.16 -14.05 0.05
35 -15.27 -55.79 4.84
36 -1.11 -76.36 7.12
37 -9.19 -61.59 5.49
38 -8.52 -63.40 5.48
39 12.56 -93.86 8.99
40 14.61 -95.17 9.35
41 -12.71 -56.13 4.96
42 -19.53 -44.57 3.82
43 -36.30 -21.51 1.24
44 -53.97 6.12 -1.62
45 -84.29 53.85 -6.66
46 -74.34 40.74 -5.06
47 -50.79 7.19 -1.24
48 -41.97 -2.33 -0.10
49 -35.83 -14.09 1.02
50 -32.05 -24.34 1.79
51 -44.71 -13.58 0.17
52 -9.03 -72.57 6.24
53 -65.49 3.14 -2.82
54 -49.85 -23.46 0.01
55 -54.09 -20.52 -0.51
56 -54.36 -24.41 -0.19
57 -53.32 -29.35 0.42
58 -62.49 -17.75 -0.86
59 -41.91 -48.57 3.00
60 -3.67 -95.49 9.36
61 40.02 -150.42 16.71
62 25.95 -128.03 14.57
63 23.89 -124.32 14.38
64 3.96 -96.66 11.23
65 -9.26 -86.06 9.69
66 -29.85 -56.11 6.01
67 -28.18 -56.82 6.49
68 -31.90 -52.26 6.07
69 -67.29 0.26 -0.15
70 -69.68 -0.90 -0.36
71 -66.51 -10.14 0.09
72 -66.99 -15.25 0.27
73 -33.14 -67.83 6.55
74 -25.10 -95.59 9.58
75 6.69 -142.76 15.71
76 8.67 -142.57 15.57
77 -49.77 -43.25 4.03
78 -24.92 -73.57 7.75
79 -41.97 -42.71 4.43
80 -27.46 -59.23 6.66
81 -61.28 -10.35 0.94
82 -119.11 70.30 -9.02
83 -122.89 76.58 -10.21
84 -80.93 13.91 -3.21
85 -76.55 0.41 -1.90
86 -60.75 -19.84 1.02
87 -67.34 -9.23 0.25
88 -67.28 -8.49 0.42
90 -39.18 -31.02 3.38
91 -52.31 -5.13 0.26
92 -48.39 -7.45 0.41
93 -47.02 -11.07 0.41
94 -57.21 1.68 -1.31
95 -53.06 -6.78 -0.52
96 -53.53 -9.59 -0.13
97 -49.28 -7.39 0.18
98 -45.63 -5.24 0.58
99 -45.65 -6.91 1.17
100 -99.17 51.22 -5.45
101 -52.81 -18.71 2.60
102 -34.90 -46.06 5.69
103 7.24 -101.18 12.19
104 42.82 -149.99 17.68
105 62.69 -174.21 20.24
106 101.39 -220.80 25.88
107 106.24 -224.91 25.89
108 56.85 -152.25 17.30
109 67.77 -159.37 17.94
110 10.12 -73.08 7.80
111 -36.94 3.05 -0.84
112 -44.57 17.38 -2.63
113 -57.67 42.08 -5.30
114 -62.90 55.33 -6.50
115 -38.18 23.38 -2.31
116 -40.08 30.43 -2.68
117 -30.08 19.54 -0.86
118 -92.99 113.64 -11.58
119 -153.23 193.39 -20.43
120 -198.66 259.20 -27.89
121 -219.22 289.15 -31.22
122 -224.72 297.49 -32.21
123 -231.76 307.44 -33.49
124 -237.40 313.63 -34.48
125 -228.19 297.27 -32.65
126 -233.83 304.91 -33.77
127 -237.69 307.61 -34.62
128 -217.36 270.86 -31.09
129 -202.14 246.10 -29.43
130 -195.38 238.03 -29.25
131 -103.55 112.99 -14.64
132 -56.11 51.35 -7.46
133 -18.66 4.12 -1.64
134 -20.65 12.94 -2.39
135 -1.16 -9.90 0.34
136 -4.10 2.02 -0.43
137 -3.77 5.24 -0.21
138 -1.32 6.75 0.18
139 -3.64 13.14 0.00
140 -3.47 17.48 -0.15
141 -4.39 20.51 -0.10
142 4.41 10.80 1.23
143 -1.31 21.24 0.16
144 -9.18 34.96 -1.41
145 0.16 22.56 -0.05
146 0.28 22.29 0.02
147 -33.71 77.98 -6.30
148 -25.31 71.77 -5.23
149 -13.47 61.16 -3.70
150 -22.47 79.78 -5.62
151 -32.25 100.76 -7.64
152 -37.97 109.68 -8.45
153 -38.82 112.02 -8.18
154 -41.66 111.45 -7.98
155 -44.73 112.07 -8.09
156 -36.22 101.31 -6.69
157 -22.94 84.66 -4.56
158 -19.96 83.34 -4.22
159 -14.53 76.40 -3.37
160 -19.23 84.02 -4.31
161 -11.01 74.10 -2.92
162 -8.74 70.83 -2.12
163 -4.47 63.09 -1.01
164 11.30 39.58 1.96
165 25.15 13.58 4.84
166 38.31 -7.69 7.43
167 57.64 -37.32 10.68
168 62.82 -49.85 11.99
169 72.18 -67.10 13.96
170 75.27 -77.28 14.86
171 83.49 -96.81 17.03
172 82.13 -104.62 17.84
173 82.94 -114.13 18.83
174 59.85 -97.03 16.48
175 40.54 -81.89 14.41
176 18.24 -56.47 11.39
177 -8.32 -23.70 7.67
178 -29.68 2.85 4.59
179 -44.45 19.81 2.57
180 -75.36 58.81 -2.17
181 -84.87 70.16 -3.62
182 -98.31 86.89 -5.64
183 -105.61 97.10 -6.69
184 -98.86 88.52 -5.58
185 -107.99 98.83 -6.90
186 -96.89 80.31 -5.11
187 -95.04 72.31 -4.81
188 -142.56 131.25 -12.69
189 -131.60 120.54 -11.37
190 -114.34 99.43 -8.74
191 -121.65 111.62 -10.44
192 -47.34 7.75 0.40
193 -13.36 -40.86 5.33
194 -0.72 -59.25 6.84
195 10.64 -79.44 8.34
196 38.52 -122.53 12.44
197 36.94 -122.66 12.16
198 43.26 -135.60 13.02
199 57.48 -162.18 15.25
200 69.64 -187.07 17.10
201 85.51 -220.65 19.95
202 82.72 -224.76 19.96
203 57.56 -193.65 16.07
204 41.32 -173.04 12.99
205 27.47 -152.75 10.49
206 -8.60 -101.98 4.33
207 -77.78 -4.89 -7.51
208 -95.40 20.45 -10.50
209 -159.17 122.16 -22.62
210 -188.62 173.72 -29.04
211 -182.40 162.55 -27.52
212 -164.69 134.79 -24.03
213 -140.49 97.75 -19.44
214 -102.99 43.78 -12.78
215 -93.04 29.84 -10.85
216 -75.69 1.57 -7.28
217 -37.60 -57.50 -0.05
218 -11.74 -107.38 5.52
219 -10.75 -113.66 6.19
220 -3.49 -136.94 8.44
221 -23.62 -101.51 5.12
222 -38.63 -102.31 4.05
223 -47.22 -106.07 3.61
224 -60.10 -84.29 1.49
225 -69.31 -66.92 -0.14
226 -85.71 -42.25 -2.77
227 -109.16 -10.49 -6.14
228 -130.06 16.33 -8.81
229 -125.76 9.72 -7.26
230 -123.15 8.46 -6.22
231 -129.80 22.71 -7.16
232 -158.84 71.85 -12.28
233 -179.47 117.55 -17.03
234 -189.95 128.35 -17.59
235 -185.22 134.17 -18.48
236 -162.47 94.33 -13.87
237 -183.97 120.88 -16.51
238 -178.77 110.37 -14.92
239 -201.93 135.98 -17.75
240 -213.81 146.42 -18.83
241 -227.64 161.95 -20.51
242 -250.63 189.33 -23.74
243 -257.69 195.35 -24.39
244 -262.85 196.32 -24.51
245 -259.47 192.44 -23.79
246 -251.48 182.27 -22.30
247 -249.06 179.09 -22.00
248 -248.48 180.48 -21.95
249 -263.86 204.78 -24.54
250 -263.38 202.87 -24.25
251 -257.77 201.58 -23.82
252 -212.30 135.55 -16.24
253 -199.37 119.90 -14.28
254 -191.58 107.94 -12.90
255 -182.71 94.20 -11.03
256 -169.17 77.83 -8.98
257 -147.51 50.21 -5.53
258 -114.67 9.02 -0.39
259 -68.79 -43.57 6.36
260 -50.05 -62.30 8.94
261 -19.37 -99.54 13.50
262 -4.65 -113.80 15.28
263 21.20 -144.39 18.86
264 21.70 -140.35 18.60
265 70.29 -196.49 25.65
266 79.14 -200.23 26.25
267 97.56 -215.61 28.47
268 115.51 -231.05 30.64
269 143.67 -262.85 34.77
270 160.28 -276.49 36.85
271 189.71 -307.81 40.87
272 204.76 -322.83 42.94
273 217.80 -331.00 44.33
274 243.96 -361.74 48.26
275 263.75 -385.08 51.27
276 265.40 -383.30 51.37
277 294.66 -415.50 55.62
278 296.33 -417.03 55.83
279 320.08 -445.29 59.19
5 17.19 -25.22 3.06
6 -6.70 1.21 -0.18
7 -7.17 -0.30 0.25
5 17.19 -25.22 3.06
6 -6.70 1.21 -0.18
7 -7.17 -0.30 0.25
5 17.19 -25.22 3.06
6 -6.70 1.21 -0.18
7 -7.17 -0.30 0.25
5 17.19 -25.22 3.06
6 -6.70 1.21 -0.18
7 -7.17 -0.30 0.25
5 17.19 -25.22 3.06
6 -6.70 1.21 -0.18
7 -7.17 -0.30 0.25
5 17.19 -25.22 3.06
6 -6.70 1.21 -0.18
7 -7.17 -0.30 0.25
5 17.19 -25.22 3.06
6 -6.70 1.21 -0.18
7 -7.17 -0.30 0.25
5 17.19 -25.22 3.06
6 -6.70 1.21 -0.18
7 -7.17 -0.30 0.25
5 17.19 -25.22 3.06
6 -6.70 1.21 -0.18
7 -7.17 -0.30 0.25
5 17.19 -25.22 3.06
6 -6.70 1.21 -0.18
7 -7.17 -0.30 0.25
5 17.19 -25.22 3.06
6 -6.70 1.21 -0.18
7 -7.17 -0.30 0.25
5 17.19 -25.22 3.06
6 -6.70 1.21 -0.18
7 -7.17 -0.30 0.25
5 17.19 -25.22 3.06
6 -6.70 1.21 -0.18
7 -7.17 -0.30 0.25
5 17.19 -25.22 3.06
6 -6.70 1.21 -0.18
7 -7.17 -0.30 0.25
5 17.19 -25.22 3.06
6 -6.70 1.21 -0.18
7 -7.17 -0.30 0.25
5 17.19 -25.22 3.06
6 -6.70 1.21 -0.18
5 17.19 -25.22 3.06
6 -6.70 1.21 -0.18
7 -7.17 -0.30 0.25
5 17.19 -25.22 3.06
6 -6.70 1.21 -0.18
7 -7.17 -0.30 0.25
5 17.19 -25.22 3.06
6 -6.70 1.21 -0.18
7 -7.17 -0.30 0.25
5 17.19 -25.22 3.06
6 -6.70 1.21 -0.18
7 -7.17 -0.30 0.25
5 17.19 -25.22 3.06
6 -6.70 1.21 -0.18
7 -7.17 -0.30 0.25
5 17.19 -25.22 3.06
5 17.19 -25.22 3.06
6 -6.70 1.21 -0.18
5 17.19 -25.22 3.06
5 17.19 -25.22 3.06
5 17.19 -25.22 3.06
6 -6.70 1.21 -0.18
7 -7.17 -0.30 0.25
5 17.19 -25.22 3.06
6 -6.70 1.21 -0.18
7 -7.17 -0.30 0.25
203 -27.00 34.24 -3.88
204 -43.19 55.01 -6.71
203 -27.00 34.24 -3.88
204 -43.19 55.01 -6.71
203 -27.00 34.24 -3.88
204 -43.19 55.01 -6.71
203 -27.00 34.24 -3.88
204 -43.19 55.01 -6.71
203 -27.00 34.24 -3.88
204 -43.19 55.01 -6.71
203 -27.00 34.24 -3.88
204 -43.19 55.01 -6.71
203 -27.00 34.24 -3.88
204 -43.19 55.01 -6.71
203 -27.00 34.24 -3.88
204 -43.19 55.01 -6.71
203 -27.00 34.24 -3.88
204 -43.19 55.01 -6.71
203 -27.00 34.24 -3.88
204 -43.19 55.01 -6.71
203 -27.00 34.24 -3.88
204 -43.19 55.01 -6.71
203 -27.00 34.24 -3.88
204 -43.19 55.01 -6.71
203 -27.00 34.24 -3.88
204 -43.19 55.01 -6.71
203 -27.00 34.24 -3.88
204 -43.19 55.01 -6.71
203 -27.00 34.24 -3.88
204 -43.19 55.01 -6.71
203 -27.00 34.24 -3.88
204 -43.19 55.01 -6.71
203 -27.00 34.24 -3.88
204 -43.19 55.01 -6.71
203 -27.00 34.24 -3.88
204 -43.19 55.01 -6.71
100 -53.35 64.70 -6.67
101 -6.54 -14.77 1.55
100 -53.35 64.70 -6.67
101 -6.54 -14.77 1.55
102 12.41 -47.48 4.85
103 54.89 -109.97 11.49
104 90.37 -163.58 17.01
100 -53.35 64.70 -6.67
101 -6.54 -14.77 1.55
102 12.41 -47.48 4.85
103 54.89 -109.97 11.49
104 90.37 -163.58 17.01
100 -53.35 64.70 -6.67
101 -6.54 -14.77 1.55
102 12.41 -47.48 4.85
103 54.89 -109.97 11.49
104 90.37 -163.58 17.01
100 -53.35 64.70 -6.67
101 -6.54 -14.77 1.55
102 12.41 -47.48 4.85
103 54.89 -109.97 11.49
104 90.37 -163.58 17.01
100 -53.35 64.70 -6.67
101 -6.54 -14.77 1.55
102 12.41 -47.48 4.85
103 54.89 -109.97 11.49
104 90.37 -163.58 17.01
100 -53.35 64.70 -6.67
101 -6.54 -14.77 1.55
102 12.41 -47.48 4.85
103 54.89 -109.97 11.49
104 90.37 -163.58 17.01
100 -53.35 64.70 -6.67
101 -6.54 -14.77 1.55
102 12.41 -47.48 4.85
103 54.89 -109.97 11.49
104 90.37 -163.58 17.01
100 -53.35 64.70 -6.67
101 -6.54 -14.77 1.55
102 12.41 -47.48 4.85
103 54.89 -109.97 11.49
104 90.37 -163.58 17.01
100 -53.35 64.70 -6.67
101 -6.54 -14.77 1.55
102 12.41 -47.48 4.85
103 54.89 -109.97 11.49
104 90.37 -163.58 17.01
100 -53.35 64.70 -6.67
101 -6.54 -14.77 1.55
102 12.41 -47.48 4.85
103 54.89 -109.97 11.49
104 90.37 -163.58 17.01
100 -53.35 64.70 -6.67
101 -6.54 -14.77 1.55
102 12.41 -47.48 4.85
103 54.89 -109.97 11.49
104 90.37 -163.58 17.01
100 -53.35 64.70 -6.67
101 -6.54 -14.77 1.55
102 12.41 -47.48 4.85
103 54.89 -109.97 11.49
104 90.37 -163.58 17.01
5 17.19 -25.22 3.06
6 -6.70 1.21 -0.18
7 -7.17 -0.30 0.25
8 -26.44 28.38 -3.27
9 3.60 -10.07 1.62
10 4.15 -10.64 1.93
11 -4.95 3.55 0.21
12 -3.52 2.34 0.36
13 11.11 -17.53 2.73
14 -3.97 2.87 0.31
15 -9.79 11.72 -0.59
16 -5.65 5.87 0.06
17 -14.50 19.89 -1.49
18 -5.10 7.81 -0.16
19 68.93 -100.40 12.11
20 81.64 -129.05 14.53
21 122.63 -197.24 21.89
22 130.19 -220.45 23.90
23 114.48 -212.65 22.34
24 108.71 -212.04 22.12
25 92.02 -194.88 20.34
26 57.02 -147.67 14.94
27 43.30 -131.52 13.17
28 -1.89 -65.40 5.68
29 -7.43 -59.76 5.07
30 -35.71 -22.20 0.76
31 -49.68 -5.29 -1.21
32 -27.96 -38.28 2.58
33 -45.46 -13.58 -0.14
34 -45.16 -14.05 0.05
35 -15.27 -55.79 4.84
36 -1.11 -76.36 7.12
37 -9.19 -61.59 5.49
38 -8.52 -63.40 5.48
39 12.56 -93.86 8.99
40 14.61 -95.17 9.35
41 -12.71 -56.13 4.96
42 -19.53 -44.57 3.82
43 -36.30 -21.51 1.24
44 -53.97 6.12 -1.62
45 -84.29 53.85 -6.66
46 -74.34 40.74 -5.06
47 -50.79 7.19 -1.24
48 -41.97 -2.33 -0.10
49 -35.83 -14.09 1.02
50 -32.05 -24.34 1.79
51 -44.71 -13.58 0.17
52 -9.03 -72.57 6.24
53 -65.49 3.14 -2.82
54 -49.85 -23.46 0.01
55 -54.09 -20.52 -0.51
56 -54.36 -24.41 -0.19
57 -53.32 -29.35 0.42
58 -62.49 -17.75 -0.86
59 -41.91 -48.57 3.00
60 -3.67 -95.49 9.36
61 40.02 -150.42 16.71
62 25.95 -128.03 14.57
63 23.89 -124.32 14.38
64 3.96 -96.66 11.23
65 -9.26 -86.06 9.69
66 -29.85 -56.11 6.01
67 -28.18 -56.82 6.49
68 -31.90 -52.26 6.07
69 -67.29 0.26 -0.15
70 -69.68 -0.90 -0.36
71 -66.51 -10.14 0.09
72 -66.99 -15.25 0.27
73 -33.14 -67.83 6.55
74 -25.10 -95.59 9.58
75 6.69 -142.76 15.71
76 8.67 -142.57 15.57
77 -49.77 -43.25 4.03
78 -24.92 -73.57 7.75
79 -41.97 -42.71 4.43
80 -27.46 -59.23 6.66
81 -61.28 -10.35 0.94
82 -119.11 70.30 -9.02
83 -122.89 76.58 -10.21
84 -80.93 13.91 -3.21
85 -76.55 0.41 -1.90
86 -60.75 -19.84 1.02
87 -67.34 -9.23 0.25
88 -67.28 -8.49 0.42
90 -39.18 -31.02 3.38
91 -52.31 -5.13 0.26
92 -48.39 -7.45 0.41
93 -47.02 -11.07 0.41
94 -57.21 1.68 -1.31
95 -53.06 -6.78 -0.52
96 -53.53 -9.59 -0.13
97 -49.28 -7.39 0.18
98 -45.63 -5.24 0.58
99 -45.65 -6.91 1.17
100 -99.17 51.22 -5.45
101 -52.81 -18.71 2.60
102 -34.90 -46.06 5.69
103 7.24 -101.18 12.19
104 42.82 -149.99 17.68
5 17.19 -25.22 3.06
6 -6.70 1.21 -0.18
7 -7.17 -0.30 0.25
8 -26.44 28.38 -3.27
9 3.60 -10.07 1.62
10 4.15 -10.64 1.93
11 -4.95 3.55 0.21
12 -3.52 2.34 0.36
13 11.11 -17.53 2.73
14 -3.97 2.87 0.31
15 -9.79 11.72 -0.59
16 -5.65 5.87 0.06
17 -14.50 19.89 -1.49
18 -5.10 7.81 -0.16
19 68.93 -100.40 12.11
5 17.19 -25.22 3.06
6 -6.70 1.21 -0.18
7 -7.17 -0.30 0.25
8 -26.44 28.38 -3.27
9 3.60 -10.07 1.62
10 4.15 -10.64 1.93
11 -4.95 3.55 0.21
12 -3.52 2.34 0.36
13 11.11 -17.53 2.73
14 -3.97 2.87 0.31
15 -9.79 11.72 -0.59
16 -5.65 5.87 0.06
17 -14.50 19.89 -1.49
18 -5.10 7.81 -0.16
19 68.93 -100.40 12.11
5 17.19 -25.22 3.06
6 -6.70 1.21 -0.18
7 -7.17 -0.30 0.25
8 -26.44 28.38 -3.27
9 3.60 -10.07 1.62
10 4.15 -10.64 1.93
5 17.19 -25.22 3.06
6 -6.70 1.21 -0.18
7 -7.17 -0.30 0.25
8 -26.44 28.38 -3.27
9 3.60 -10.07 1.62
10 4.15 -10.64 1.93
5 17.19 -25.22 3.06
6 -6.70 1.21 -0.18
7 -7.17 -0.30 0.25
8 -26.44 28.38 -3.27
9 3.60 -10.07 1.62
10 4.15 -10.64 1.93
5 17.19 -25.22 3.06
6 -6.70 1.21 -0.18
7 -7.17 -0.30 0.25
8 -26.44 28.38 -3.27
9 3.60 -10.07 1.62
10 4.15 -10.64 1.93
5 17.19 -25.22 3.06
6 -6.70 1.21 -0.18
7 -7.17 -0.30 0.25
8 -26.44 28.38 -3.27
9 3.60 -10.07 1.62
10 4.15 -10.64 1.93
5 17.19 -25.22 3.06
6 -6.70 1.21 -0.18
7 -7.17 -0.30 0.25
8 -26.44 28.38 -3.27
9 3.60 -10.07 1.62
10 4.15 -10.64 1.93
11 -4.95 3.55 0.21
12 -3.52 2.34 0.36
13 11.11 -17.53 2.73
14 -3.97 2.87 0.31
15 -9.79 11.72 -0.59
16 -5.65 5.87 0.06
17 -14.50 19.89 -1.49
18 -5.10 7.81 -0.16
19 68.93 -100.40 12.11
20 81.64 -129.05 14.53
21 122.63 -197.24 21.89
22 130.19 -220.45 23.90
23 114.48 -212.65 22.34
24 108.71 -212.04 22.12
25 92.02 -194.88 20.34
26 57.02 -147.67 14.94
27 43.30 -131.52 13.17
28 -1.89 -65.40 5.68
29 -7.43 -59.76 5.07
30 -35.71 -22.20 0.76
31 -49.68 -5.29 -1.21
32 -27.96 -38.28 2.58
33 -45.46 -13.58 -0.14
34 -45.16 -14.05 0.05
35 -15.27 -55.79 4.84
36 -1.11 -76.36 7.12
37 -9.19 -61.59 5.49
38 -8.52 -63.40 5.48
39 12.56 -93.86 8.99
40 14.61 -95.17 9.35
41 -12.71 -56.13 4.96
42 -19.53 -44.57 3.82
43 -36.30 -21.51 1.24
44 -53.97 6.12 -1.62
45 -84.29 53.85 -6.66
46 -74.34 40.74 -5.06
47 -50.79 7.19 -1.24
48 -41.97 -2.33 -0.10
49 -35.83 -14.09 1.02
50 -32.05 -24.34 1.79
51 -44.71 -13.58 0.17
52 -9.03 -72.57 6.24
53 -65.49 3.14 -2.82
54 -49.85 -23.46 0.01
55 -54.09 -20.52 -0.51
56 -54.36 -24.41 -0.19
57 -53.32 -29.35 0.42
58 -62.49 -17.75 -0.86
59 -41.91 -48.57 3.00
60 -3.67 -95.49 9.36
61 40.02 -150.42 16.71
62 25.95 -128.03 14.57
63 23.89 -124.32 14.38
64 3.96 -96.66 11.23
65 -9.26 -86.06 9.69
66 -29.85 -56.11 6.01
67 -28.18 -56.82 6.49
68 -31.90 -52.26 6.07
69 -67.29 0.26 -0.15
70 -69.68 -0.90 -0.36
71 -66.51 -10.14 0.09
72 -66.99 -15.25 0.27
73 -33.14 -67.83 6.55
74 -25.10 -95.59 9.58
75 6.69 -142.76 15.71
76 8.67 -142.57 15.57
77 -49.77 -43.25 4.03
78 -24.92 -73.57 7.75
79 -41.97 -42.71 4.43
80 -27.46 -59.23 6.66
81 -61.28 -10.35 0.94
82 -119.11 70.30 -9.02
83 -122.89 76.58 -10.21
84 -80.93 13.91 -3.21
85 -76.55 0.41 -1.90
86 -60.75 -19.84 1.02
87 -67.34 -9.23 0.25
88 -67.28 -8.49 0.42
90 -39.18 -31.02 3.38
91 -52.31 -5.13 0.26
92 -48.39 -7.45 0.41
93 -47.02 -11.07 0.41
94 -57.21 1.68 -1.31
95 -53.06 -6.78 -0.52
96 -53.53 -9.59 -0.13
97 -49.28 -7.39 0.18
98 -45.63 -5.24 0.58
99 -45.65 -6.91 1.17
100 -99.17 51.22 -5.45
101 -52.81 -18.71 2.60
102 -34.90 -46.06 5.69
103 7.24 -101.18 12.19
104 42.82 -149.99 17.68
105 62.69 -174.21 20.24
106 101.39 -220.80 25.88
107 106.24 -224.91 25.89
108 56.85 -152.25 17.30
109 67.77 -159.37 17.94
110 10.12 -73.08 7.80
111 -36.94 3.05 -0.84
112 -44.57 17.38 -2.63
113 -57.67 42.08 -5.30
114 -62.90 55.33 -6.50
115 -38.18 23.38 -2.31
116 -40.08 30.43 -2.68
117 -30.08 19.54 -0.86
118 -92.99 113.64 -11.58
119 -153.23 193.39 -20.43
120 -198.66 259.20 -27.89
121 -219.22 289.15 -31.22
122 -224.72 297.49 -32.21
123 -231.76 307.44 -33.49
124 -237.40 313.63 -34.48
125 -228.19 297.27 -32.65
126 -233.83 304.91 -33.77
127 -237.69 307.61 -34.62
128 -217.36 270.86 -31.09
129 -202.14 246.10 -29.43
130 -195.38 238.03 -29.25
131 -103.55 112.99 -14.64
132 -56.11 51.35 -7.46
133 -18.66 4.12 -1.64
134 -20.65 12.94 -2.39
135 -1.16 -9.90 0.34
136 -4.10 2.02 -0.43
137 -3.77 5.24 -0.21
138 -1.32 6.75 0.18
139 -3.64 13.14 0.00
140 -3.47 17.48 -0.15
141 -4.39 20.51 -0.10
142 4.41 10.80 1.23
143 -1.31 21.24 0.16
144 -9.18 34.96 -1.41
145 0.16 22.56 -0.05
146 0.28 22.29 0.02
147 -33.71 77.98 -6.30
148 -25.31 71.77 -5.23
149 -13.47 61.16 -3.70
150 -22.47 79.78 -5.62
151 -32.25 100.76 -7.64
152 -37.97 109.68 -8.45
153 -38.82 112.02 -8.18
154 -41.66 111.45 -7.98
155 -44.73 112.07 -8.09
156 -36.22 101.31 -6.69
157 -22.94 84.66 -4.56
158 -19.96 83.34 -4.22
159 -14.53 76.40 -3.37
160 -19.23 84.02 -4.31
161 -11.01 74.10 -2.92
162 -8.74 70.83 -2.12
163 -4.47 63.09 -1.01
164 11.30 39.58 1.96
165 25.15 13.58 4.84
166 38.31 -7.69 7.43
167 57.64 -37.32 10.68
168 62.82 -49.85 11.99
169 72.18 -67.10 13.96
170 75.27 -77.28 14.86
171 83.49 -96.81 17.03
172 82.13 -104.62 17.84
173 82.94 -114.13 18.83
174 59.85 -97.03 16.48
175 40.54 -81.89 14.41
176 18.24 -56.47 11.39
177 -8.32 -23.70 7.67
178 -29.68 2.85 4.59
179 -44.45 19.81 2.57
180 -75.36 58.81 -2.17
181 -84.87 70.16 -3.62
182 -98.31 86.89 -5.64
183 -105.61 97.10 -6.69
184 -98.86 88.52 -5.58
185 -107.99 98.83 -6.90
186 -96.89 80.31 -5.11
187 -95.04 72.31 -4.81
188 -142.56 131.25 -12.69
189 -131.60 120.54 -11.37
190 -114.34 99.43 -8.74
191 -121.65 111.62 -10.44
192 -47.34 7.75 0.40
193 -13.36 -40.86 5.33
194 -0.72 -59.25 6.84
195 10.64 -79.44 8.34
196 38.52 -122.53 12.44
197 36.94 -122.66 12.16
198 43.26 -135.60 13.02
199 57.48 -162.18 15.25
200 69.64 -187.07 17.10
201 85.51 -220.65 19.95
202 82.72 -224.76 19.96
203 57.56 -193.65 16.07
204 41.32 -173.04 12.99
205 27.47 -152.75 10.49
206 -8.60 -101.98 4.33
207 -77.78 -4.89 -7.51
208 -95.40 20.45 -10.50
209 -159.17 122.16 -22.62
210 -188.62 173.72 -29.04
211 -182.40 162.55 -27.52
212 -164.69 134.79 -24.03
213 -140.49 97.75 -19.44
214 -102.99 43.78 -12.78
215 -93.04 29.84 -10.85
216 -75.69 1.57 -7.28
217 -37.60 -57.50 -0.05
218 -11.74 -107.38 5.52
219 -10.75 -113.66 6.19
5 17.19 -25.22 3.06
6 -6.70 1.21 -0.18
7 -7.17 -0.30 0.25
8 -26.44 28.38 -3.27
9 3.60 -10.07 1.62
10 4.15 -10.64 1.93
11 -4.95 3.55 0.21
12 -3.52 2.34 0.36
13 11.11 -17.53 2.73
14 -3.97 2.87 0.31
15 -9.79 11.72 -0.59
16 -5.65 5.87 0.06
17 -14.50 19.89 -1.49
18 -5.10 7.81 -0.16
19 68.93 -100.40 12.11
20 81.64 -129.05 14.53
21 122.63 -197.24 21.89
22 130.19 -220.45 23.90
23 114.48 -212.65 22.34
24 108.71 -212.04 22.12
25 92.02 -194.88 20.34
26 57.02 -147.67 14.94
27 43.30 -131.52 13.17
28 -1.89 -65.40 5.68
29 -7.43 -59.76 5.07
30 -35.71 -22.20 0.76
31 -49.68 -5.29 -1.21
32 -27.96 -38.28 2.58
33 -45.46 -13.58 -0.14
34 -45.16 -14.05 0.05
35 -15.27 -55.79 4.84
36 -1.11 -76.36 7.12
37 -9.19 -61.59 5.49
38 -8.52 -63.40 5.48
39 12.56 -93.86 8.99
40 14.61 -95.17 9.35
41 -12.71 -56.13 4.96
42 -19.53 -44.57 3.82
43 -36.30 -21.51 1.24
44 -53.97 6.12 -1.62
45 -84.29 53.85 -6.66
46 -74.34 40.74 -5.06
47 -50.79 7.19 -1.24
48 -41.97 -2.33 -0.10
49 -35.83 -14.09 1.02
50 -32.05 -24.34 1.79
51 -44.71 -13.58 0.17
52 -9.03 -72.57 6.24
53 -65.49 3.14 -2.82
54 -49.85 -23.46 0.01
55 -54.09 -20.52 -0.51
56 -54.36 -24.41 -0.19
57 -53.32 -29.35 0.42
58 -62.49 -17.75 -0.86
59 -41.91 -48.57 3.00
60 -3.67 -95.49 9.36
61 40.02 -150.42 16.71
62 25.95 -128.03 14.57
63 23.89 -124.32 14.38
64 3.96 -96.66 11.23
65 -9.26 -86.06 9.69
66 -29.85 -56.11 6.01
67 -28.18 -56.82 6.49
68 -31.90 -52.26 6.07
69 -67.29 0.26 -0.15
70 -69.68 -0.90 -0.36
71 -66.51 -10.14 0.09
72 -66.99 -15.25 0.27
73 -33.14 -67.83 6.55
74 -25.10 -95.59 9.58
75 6.69 -142.76 15.71
76 8.67 -142.57 15.57
77 -49.77 -43.25 4.03
78 -24.92 -73.57 7.75
79 -41.97 -42.71 4.43
80 -27.46 -59.23 6.66
81 -61.28 -10.35 0.94
82 -119.11 70.30 -9.02
83 -122.89 76.58 -10.21
84 -80.93 13.91 -3.21
85 -76.55 0.41 -1.90
86 -60.75 -19.84 1.02
87 -67.34 -9.23 0.25
88 -67.28 -8.49 0.42
90 -39.18 -31.02 3.38
91 -52.31 -5.13 0.26
92 -48.39 -7.45 0.41
93 -47.02 -11.07 0.41
94 -57.21 1.68 -1.31
95 -53.06 -6.78 -0.52
96 -53.53 -9.59 -0.13
97 -49.28 -7.39 0.18
98 -45.63 -5.24 0.58
99 -45.65 -6.91 1.17
100 -99.17 51.22 -5.45
101 -52.81 -18.71 2.60
102 -34.90 -46.06 5.69
103 7.24 -101.18 12.19
104 42.82 -149.99 17.68
105 62.69 -174.21 20.24
106 101.39 -220.80 25.88
107 106.24 -224.91 25.89
108 56.85 -152.25 17.30
109 67.77 -159.37 17.94
110 10.12 -73.08 7.80
111 -36.94 3.05 -0.84
112 -44.57 17.38 -2.63
113 -57.67 42.08 -5.30
114 -62.90 55.33 -6.50
115 -38.18 23.38 -2.31
116 -40.08 30.43 -2.68
117 -30.08 19.54 -0.86
118 -92.99 113.64 -11.58
119 -153.23 193.39 -20.43
120 -198.66 259.20 -27.89
121 -219.22 289.15 -31.22
122 -224.72 297.49 -32.21
123 -231.76 307.44 -33.49
124 -237.40 313.63 -34.48
125 -228.19 297.27 -32.65
126 -233.83 304.91 -33.77
127 -237.69 307.61 -34.62
128 -217.36 270.86 -31.09
129 -202.14 246.10 -29.43
130 -195.38 238.03 -29.25
131 -103.55 112.99 -14.64
132 -56.11 51.35 -7.46
133 -18.66 4.12 -1.64
134 -20.65 12.94 -2.39
135 -1.16 -9.90 0.34
136 -4.10 2.02 -0.43
137 -3.77 5.24 -0.21
138 -1.32 6.75 0.18
139 -3.64 13.14 0.00
140 -3.47 17.48 -0.15
141 -4.39 20.51 -0.10
142 4.41 10.80 1.23
143 -1.31 21.24 0.16
144 -9.18 34.96 -1.41
145 0.16 22.56 -0.05
146 0.28 22.29 0.02
147 -33.71 77.98 -6.30
148 -25.31 71.77 -5.23
149 -13.47 61.16 -3.70
150 -22.47 79.78 -5.62
151 -32.25 100.76 -7.64
152 -37.97 109.68 -8.45
153 -38.82 112.02 -8.18
154 -41.66 111.45 -7.98
155 -44.73 112.07 -8.09
156 -36.22 101.31 -6.69
157 -22.94 84.66 -4.56
158 -19.96 83.34 -4.22
159 -14.53 76.40 -3.37
160 -19.23 84.02 -4.31
161 -11.01 74.10 -2.92
162 -8.74 70.83 -2.12
163 -4.47 63.09 -1.01
164 11.30 39.58 1.96
165 25.15 13.58 4.84
166 38.31 -7.69 7.43
167 57.64 -37.32 10.68
168 62.82 -49.85 11.99
169 72.18 -67.10 13.96
170 75.27 -77.28 14.86
171 83.49 -96.81 17.03
172 82.13 -104.62 17.84
173 82.94 -114.13 18.83
174 59.85 -97.03 16.48
175 40.54 -81.89 14.41
176 18.24 -56.47 11.39
177 -8.32 -23.70 7.67
178 -29.68 2.85 4.59
179 -44.45 19.81 2.57
180 -75.36 58.81 -2.17
181 -84.87 70.16 -3.62
182 -98.31 86.89 -5.64
183 -105.61 97.10 -6.69
184 -98.86 88.52 -5.58
185 -107.99 98.83 -6.90
186 -96.89 80.31 -5.11
187 -95.04 72.31 -4.81
188 -142.56 131.25 -12.69
189 -131.60 120.54 -11.37
190 -114.34 99.43 -8.74
191 -121.65 111.62 -10.44
192 -47.34 7.75 0.40
193 -13.36 -40.86 5.33
194 -0.72 -59.25 6.84
195 10.64 -79.44 8.34
196 38.52 -122.53 12.44
197 36.94 -122.66 12.16
198 43.26 -135.60 13.02
199 57.48 -162.18 15.25
200 69.64 -187.07 17.10
201 85.51 -220.65 19.95
202 82.72 -224.76 19.96
203 57.56 -193.65 16.07
204 41.32 -173.04 12.99
205 27.47 -152.75 10.49
206 -8.60 -101.98 4.33
207 -77.78 -4.89 -7.51
208 -95.40 20.45 -10.50
209 -159.17 122.16 -22.62
210 -188.62 173.72 -29.04
211 -182.40 162.55 -27.52
212 -164.69 134.79 -24.03
213 -140.49 97.75 -19.44
214 -102.99 43.78 -12.78
215 -93.04 29.84 -10.85
216 -75.69 1.57 -7.28
217 -37.60 -57.50 -0.05
218 -11.74 -107.38 5.52
219 -10.75 -113.66 6.19
5 17.19 -25.22 3.06
6 -6.70 1.21 -0.18
7 -7.17 -0.30 0.25
8 -26.44 28.38 -3.27
9 3.60 -10.07 1.62
10 4.15 -10.64 1.93
11 -4.95 3.55 0.21
12 -3.52 2.34 0.36
13 11.11 -17.53 2.73
14 -3.97 2.87 0.31
15 -9.79 11.72 -0.59
16 -5.65 5.87 0.06
17 -14.50 19.89 -1.49
18 -5.10 7.81 -0.16
19 68.93 -100.40 12.11
20 81.64 -129.05 14.53
21 122.63 -197.24 21.89
22 130.19 -220.45 23.90
23 114.48 -212.65 22.34
24 108.71 -212.04 22.12
25 92.02 -194.88 20.34
26 57.02 -147.67 14.94
27 43.30 -131.52 13.17
28 -1.89 -65.40 5.68
29 -7.43 -59.76 5.07
30 -35.71 -22.20 0.76
31 -49.68 -5.29 -1.21
32 -27.96 -38.28 2.58
33 -45.46 -13.58 -0.14
34 -45.16 -14.05 0.05
35 -15.27 -55.79 4.84
36 -1.11 -76.36 7.12
37 -9.19 -61.59 5.49
38 -8.52 -63.40 5.48
39 12.56 -93.86 8.99
40 14.61 -95.17 9.35
41 -12.71 -56.13 4.96
42 -19.53 -44.57 3.82
43 -36.30 -21.51 1.24
44 -53.97 6.12 -1.62
45 -84.29 53.85 -6.66
46 -74.34 40.74 -5.06
47 -50.79 7.19 -1.24
48 -41.97 -2.33 -0.10
49 -35.83 -14.09 1.02
50 -32.05 -24.34 1.79
51 -44.71 -13.58 0.17
52 -9.03 -72.57 6.24
53 -65.49 3.14 -2.82
54 -49.85 -23.46 0.01
55 -54.09 -20.52 -0.51
56 -54.36 -24.41 -0.19
57 -53.32 -29.35 0.42
58 -62.49 -17.75 -0.86
59 -41.91 -48.57 3.00
60 -3.67 -95.49 9.36
61 40.02 -150.42 16.71
62 25.95 -128.03 14.57
63 23.89 -124.32 14.38
64 3.96 -96.66 11.23
65 -9.26 -86.06 9.69
66 -29.85 -56.11 6.01
67 -28.18 -56.82 6.49
68 -31.90 -52.26 6.07
69 -67.29 0.26 -0.15
70 -69.68 -0.90 -0.36
71 -66.51 -10.14 0.09
72 -66.99 -15.25 0.27
73 -33.14 -67.83 6.55
74 -25.10 -95.59 9.58
75 6.69 -142.76 15.71
76 8.67 -142.57 15.57
77 -49.77 -43.25 4.03
78 -24.92 -73.57 7.75
79 -41.97 -42.71 4.43
80 -27.46 -59.23 6.66
81 -61.28 -10.35 0.94
82 -119.11 70.30 -9.02
83 -122.89 76.58 -10.21
84 -80.93 13.91 -3.21
85 -76.55 0.41 -1.90
86 -60.75 -19.84 1.02
87 -67.34 -9.23 0.25
88 -67.28 -8.49 0.42
90 -39.18 -31.02 3.38
91 -52.31 -5.13 0.26
92 -48.39 -7.45 0.41
93 -47.02 -11.07 0.41
94 -57.21 1.68 -1.31
95 -53.06 -6.78 -0.52
96 -53.53 -9.59 -0.13
97 -49.28 -7.39 0.18
98 -45.63 -5.24 0.58
99 -45.65 -6.91 1.17
100 -99.17 51.22 -5.45
101 -52.81 -18.71 2.60
102 -34.90 -46.06 5.69
103 7.24 -101.18 12.19
104 42.82 -149.99 17.68
105 62.69 -174.21 20.24
106 101.39 -220.80 25.88
107 106.24 -224.91 25.89
108 56.85 -152.25 17.30
109 67.77 -159.37 17.94
110 10.12 -73.08 7.80
111 -36.94 3.05 -0.84
112 -44.57 17.38 -2.63
113 -57.67 42.08 -5.30
114 -62.90 55.33 -6.50
115 -38.18 23.38 -2.31
116 -40.08 30.43 -2.68
117 -30.08 19.54 -0.86
118 -92.99 113.64 -11.58
119 -153.23 193.39 -20.43
120 -198.66 259.20 -27.89
121 -219.22 289.15 -31.22
122 -224.72 297.49 -32.21
123 -231.76 307.44 -33.49
124 -237.40 313.63 -34.48
125 -228.19 297.27 -32.65
126 -233.83 304.91 -33.77
127 -237.69 307.61 -34.62
128 -217.36 270.86 -31.09
129 -202.14 246.10 -29.43
130 -195.38 238.03 -29.25
131 -103.55 112.99 -14.64
132 -56.11 51.35 -7.46
133 -18.66 4.12 -1.64
134 -20.65 12.94 -2.39
135 -1.16 -9.90 0.34
136 -4.10 2.02 -0.43
137 -3.77 5.24 -0.21
138 -1.32 6.75 0.18
139 -3.64 13.14 0.00
140 -3.47 17.48 -0.15
141 -4.39 20.51 -0.10
142 4.41 10.80 1.23
143 -1.31 21.24 0.16
144 -9.18 34.96 -1.41
145 0.16 22.56 -0.05
146 0.28 22.29 0.02
147 -33.71 77.98 -6.30
148 -25.31 71.77 -5.23
149 -13.47 61.16 -3.70
150 -22.47 79.78 -5.62
151 -32.25 100.76 -7.64
152 -37.97 109.68 -8.45
153 -38.82 112.02 -8.18
154 -41.66 111.45 -7.98
155 -44.73 112.07 -8.09
156 -36.22 101.31 -6.69
157 -22.94 84.66 -4.56
158 -19.96 83.34 -4.22
159 -14.53 76.40 -3.37
160 -19.23 84.02 -4.31
161 -11.01 74.10 -2.92
162 -8.74 70.83 -2.12
163 -4.47 63.09 -1.01
164 11.30 39.58 1.96
165 25.15 13.58 4.84
166 38.31 -7.69 7.43
167 57.64 -37.32 10.68
168 62.82 -49.85 11.99
169 72.18 -67.10 13.96
170 75.27 -77.28 14.86
171 83.49 -96.81 17.03
172 82.13 -104.62 17.84
173 82.94 -114.13 18.83
174 59.85 -97.03 16.48
175 40.54 -81.89 14.41
176 18.24 -56.47 11.39
177 -8.32 -23.70 7.67
178 -29.68 2.85 4.59
179 -44.45 19.81 2.57
180 -75.36 58.81 -2.17
181 -84.87 70.16 -3.62
182 -98.31 86.89 -5.64
183 -105.61 97.10 -6.69
184 -98.86 88.52 -5.58
185 -107.99 98.83 -6.90
186 -96.89 80.31 -5.11
187 -95.04 72.31 -4.81
188 -142.56 131.25 -12.69
189 -131.60 120.54 -11.37
190 -114.34 99.43 -8.74
191 -121.65 111.62 -10.44
192 -47.34 7.75 0.40
193 -13.36 -40.86 5.33
194 -0.72 -59.25 6.84
195 10.64 -79.44 8.34
196 38.52 -122.53 12.44
197 36.94 -122.66 12.16
198 43.26 -135.60 13.02
199 57.48 -162.18 15.25
200 69.64 -187.07 17.10
201 85.51 -220.65 19.95
202 82.72 -224.76 19.96
203 57.56 -193.65 16.07
204 41.32 -173.04 12.99
205 27.47 -152.75 10.49
206 -8.60 -101.98 4.33
207 -77.78 -4.89 -7.51
208 -95.40 20.45 -10.50
209 -159.17 122.16 -22.62
210 -188.62 173.72 -29.04
211 -182.40 162.55 -27.52
212 -164.69 134.79 -24.03
213 -140.49 97.75 -19.44
214 -102.99 43.78 -12.78
215 -93.04 29.84 -10.85
216 -75.69 1.57 -7.28
217 -37.60 -57.50 -0.05
218 -11.74 -107.38 5.52
219 -10.75 -113.66 6.19
5 17.19 -25.22 3.06
6 -6.70 1.21 -0.18
7 -7.17 -0.30 0.25
8 -26.44 28.38 -3.27
9 3.60 -10.07 1.62
10 4.15 -10.64 1.93
11 -4.95 3.55 0.21
12 -3.52 2.34 0.36
13 11.11 -17.53 2.73
14 -3.97 2.87 0.31
15 -9.79 11.72 -0.59
16 -5.65 5.87 0.06
17 -14.50 19.89 -1.49
18 -5.10 7.81 -0.16
19 68.93 -100.40 12.11
20 81.64 -129.05 14.53
21 122.63 -197.24 21.89
22 130.19 -220.45 23.90
23 114.48 -212.65 22.34
24 108.71 -212.04 22.12
25 92.02 -194.88 20.34
26 57.02 -147.67 14.94
27 43.30 -131.52 13.17
28 -1.89 -65.40 5.68
29 -7.43 -59.76 5.07
30 -35.71 -22.20 0.76
31 -49.68 -5.29 -1.21
32 -27.96 -38.28 2.58
33 -45.46 -13.58 -0.14
34 -45.16 -14.05 0.05
35 -15.27 -55.79 4.84
36 -1.11 -76.36 7.12
37 -9.19 -61.59 5.49
38 -8.52 -63.40 5.48
39 12.56 -93.86 8.99
40 14.61 -95.17 9.35
41 -12.71 -56.13 4.96
42 -19.53 -44.57 3.82
43 -36.30 -21.51 1.24
44 -53.97 6.12 -1.62
45 -84.29 53.85 -6.66
46 -74.34 40.74 -5.06
47 -50.79 7.19 -1.24
48 -41.97 -2.33 -0.10
49 -35.83 -14.09 1.02
50 -32.05 -24.34 1.79
51 -44.71 -13.58 0.17
52 -9.03 -72.57 6.24
53 -65.49 3.14 -2.82
54 -49.85 -23.46 0.01
55 -54.09 -20.52 -0.51
56 -54.36 -24.41 -0.19
57 -53.32 -29.35 0.42
58 -62.49 -17.75 -0.86
59 -41.91 -48.57 3.00
60 -3.67 -95.49 9.36
61 40.02 -150.42 16.71
62 25.95 -128.03 14.57
63 23.89 -124.32 14.38
64 3.96 -96.66 11.23
65 -9.26 -86.06 9.69
66 -29.85 -56.11 6.01
67 -28.18 -56.82 6.49
68 -31.90 -52.26 6.07
69 -67.29 0.26 -0.15
70 -69.68 -0.90 -0.36
71 -66.51 -10.14 0.09
72 -66.99 -15.25 0.27
73 -33.14 -67.83 6.55
74 -25.10 -95.59 9.58
75 6.69 -142.76 15.71
76 8.67 -142.57 15.57
77 -49.77 -43.25 4.03
78 -24.92 -73.57 7.75
79 -41.97 -42.71 4.43
80 -27.46 -59.23 6.66
81 -61.28 -10.35 0.94
82 -119.11 70.30 -9.02
83 -122.89 76.58 -10.21
84 -80.93 13.91 -3.21
85 -76.55 0.41 -1.90
86 -60.75 -19.84 1.02
87 -67.34 -9.23 0.25
88 -67.28 -8.49 0.42
90 -39.18 -31.02 3.38
91 -52.31 -5.13 0.26
92 -48.39 -7.45 0.41
93 -47.02 -11.07 0.41
94 -57.21 1.68 -1.31
95 -53.06 -6.78 -0.52
96 -53.53 -9.59 -0.13
97 -49.28 -7.39 0.18
98 -45.63 -5.24 0.58
99 -45.65 -6.91 1.17
100 -99.17 51.22 -5.45
101 -52.81 -18.71 2.60
102 -34.90 -46.06 5.69
103 7.24 -101.18 12.19
104 42.82 -149.99 17.68
105 62.69 -174.21 20.24
106 101.39 -220.80 25.88
107 106.24 -224.91 25.89
108 56.85 -152.25 17.30
109 67.77 -159.37 17.94
110 10.12 -73.08 7.80
111 -36.94 3.05 -0.84
112 -44.57 17.38 -2.63
113 -57.67 42.08 -5.30
114 -62.90 55.33 -6.50
115 -38.18 23.38 -2.31
116 -40.08 30.43 -2.68
117 -30.08 19.54 -0.86
118 -92.99 113.64 -11.58
119 -153.23 193.39 -20.43
120 -198.66 259.20 -27.89
121 -219.22 289.15 -31.22
122 -224.72 297.49 -32.21
123 -231.76 307.44 -33.49
124 -237.40 313.63 -34.48
125 -228.19 297.27 -32.65
126 -233.83 304.91 -33.77
127 -237.69 307.61 -34.62
128 -217.36 270.86 -31.09
129 -202.14 246.10 -29.43
130 -195.38 238.03 -29.25
131 -103.55 112.99 -14.64
132 -56.11 51.35 -7.46
133 -18.66 4.12 -1.64
134 -20.65 12.94 -2.39
135 -1.16 -9.90 0.34
136 -4.10 2.02 -0.43
137 -3.77 5.24 -0.21
138 -1.32 6.75 0.18
139 -3.64 13.14 0.00
140 -3.47 17.48 -0.15
141 -4.39 20.51 -0.10
142 4.41 10.80 1.23
143 -1.31 21.24 0.16
144 -9.18 34.96 -1.41
145 0.16 22.56 -0.05
146 0.28 22.29 0.02
147 -33.71 77.98 -6.30
148 -25.31 71.77 -5.23
149 -13.47 61.16 -3.70
150 -22.47 79.78 -5.62
151 -32.25 100.76 -7.64
152 -37.97 109.68 -8.45
153 -38.82 112.02 -8.18
154 -41.66 111.45 -7.98
155 -44.73 112.07 -8.09
156 -36.22 101.31 -6.69
157 -22.94 84.66 -4.56
158 -19.96 83.34 -4.22
159 -14.53 76.40 -3.37
160 -19.23 84.02 -4.31
161 -11.01 74.10 -2.92
162 -8.74 70.83 -2.12
163 -4.47 63.09 -1.01
164 11.30 39.58 1.96
165 25.15 13.58 4.84
166 38.31 -7.69 7.43
167 57.64 -37.32 10.68
168 62.82 -49.85 11.99
169 72.18 -67.10 13.96
170 75.27 -77.28 14.86
171 83.49 -96.81 17.03
172 82.13 -104.62 17.84
173 82.94 -114.13 18.83
174 59.85 -97.03 16.48
175 40.54 -81.89 14.41
176 18.24 -56.47 11.39
177 -8.32 -23.70 7.67
178 -29.68 2.85 4.59
179 -44.45 19.81 2.57
180 -75.36 58.81 -2.17
181 -84.87 70.16 -3.62
182 -98.31 86.89 -5.64
183 -105.61 97.10 -6.69
184 -98.86 88.52 -5.58
185 -107.99 98.83 -6.90
186 -96.89 80.31 -5.11
187 -95.04 72.31 -4.81
188 -142.56 131.25 -12.69
189 -131.60 120.54 -11.37
190 -114.34 99.43 -8.74
191 -121.65 111.62 -10.44
192 -47.34 7.75 0.40
193 -13.36 -40.86 5.33
194 -0.72 -59.25 6.84
195 10.64 -79.44 8.34
196 38.52 -122.53 12.44
197 36.94 -122.66 12.16
198 43.26 -135.60 13.02
199 57.48 -162.18 15.25
200 69.64 -187.07 17.10
201 85.51 -220.65 19.95
202 82.72 -224.76 19.96
203 57.56 -193.65 16.07
204 41.32 -173.04 12.99
205 27.47 -152.75 10.49
206 -8.60 -101.98 4.33
207 -77.78 -4.89 -7.51
208 -95.40 20.45 -10.50
209 -159.17 122.16 -22.62
210 -188.62 173.72 -29.04
211 -182.40 162.55 -27.52
212 -164.69 134.79 -24.03
213 -140.49 97.75 -19.44
214 -102.99 43.78 -12.78
215 -93.04 29.84 -10.85
216 -75.69 1.57 -7.28
217 -37.60 -57.50 -0.05
218 -11.74 -107.38 5.52
219 -10.75 -113.66 6.19
220 -3.49 -136.94 8.44
221 -23.62 -101.51 5.12
222 -38.63 -102.31 4.05
223 -47.22 -106.07 3.61
224 -60.10 -84.29 1.49
225 -69.31 -66.92 -0.14
226 -85.71 -42.25 -2.77
227 -109.16 -10.49 -6.14
228 -130.06 16.33 -8.81
229 -125.76 9.72 -7.26
230 -123.15 8.46 -6.22
231 -129.80 22.71 -7.16
232 -158.84 71.85 -12.28
233 -179.47 117.55 -17.03
234 -189.95 128.35 -17.59
235 -185.22 134.17 -18.48
236 -162.47 94.33 -13.87
237 -183.97 120.88 -16.51
238 -178.77 110.37 -14.92
239 -201.93 135.98 -17.75
5 17.19 -25.22 3.06
6 -6.70 1.21 -0.18
7 -7.17 -0.30 0.25
5 17.19 -25.22 3.06
6 -6.70 1.21 -0.18
7 -7.17 -0.30 0.25
5 17.19 -25.22 3.06
6 -6.70 1.21 -0.18
7 -7.17 -0.30 0.25
5 17.19 -25.22 3.06
6 -6.70 1.21 -0.18
7 -7.17 -0.30 0.25
5 17.19 -25.22 3.06
6 -6.70 1.21 -0.18
7 -7.17 -0.30 0.25
5 17.19 -25.22 3.06
6 -6.70 1.21 -0.18
7 -7.17 -0.30 0.25
5 17.19 -25.22 3.06
6 -6.70 1.21 -0.18
7 -7.17 -0.30 0.25
5 17.19 -25.22 3.06
6 -6.70 1.21 -0.18
7 -7.17 -0.30 0.25
5 17.19 -25.22 3.06
6 -6.70 1.21 -0.18
7 -7.17 -0.30 0.25
5 17.19 -25.22 3.06
6 -6.70 1.21 -0.18
7 -7.17 -0.30 0.25
5 17.19 -25.22 3.06
6 -6.70 1.21 -0.18
7 -7.17 -0.30 0.25
5 17.19 -25.22 3.06
6 -6.70 1.21 -0.18
7 -7.17 -0.30 0.25
5 17.19 -25.22 3.06
6 -6.70 1.21 -0.18
7 -7.17 -0.30 0.25
8 -26.44 28.38 -3.27
9 3.60 -10.07 1.62
10 4.15 -10.64 1.93
11 -4.95 3.55 0.21
12 -3.52 2.34 0.36
13 11.11 -17.53 2.73
14 -3.97 2.87 0.31
15 -9.79 11.72 -0.59
16 -5.65 5.87 0.06
17 -14.50 19.89 -1.49
18 -5.10 7.81 -0.16
19 68.93 -100.40 12.11
20 81.64 -129.05 14.53
21 122.63 -197.24 21.89
22 130.19 -220.45 23.90
23 114.48 -212.65 22.34
24 108.71 -212.04 22.12
25 92.02 -194.88 20.34
26 57.02 -147.67 14.94
27 43.30 -131.52 13.17
28 -1.89 -65.40 5.68
29 -7.43 -59.76 5.07
30 -35.71 -22.20 0.76
31 -49.68 -5.29 -1.21
32 -27.96 -38.28 2.58
33 -45.46 -13.58 -0.14
34 -45.16 -14.05 0.05
35 -15.27 -55.79 4.84
36 -1.11 -76.36 7.12
37 -9.19 -61.59 5.49
38 -8.52 -63.40 5.48
39 12.56 -93.86 8.99
40 14.61 -95.17 9.35
41 -12.71 -56.13 4.96
42 -19.53 -44.57 3.82
43 -36.30 -21.51 1.24
44 -53.97 6.12 -1.62
45 -84.29 53.85 -6.66
46 -74.34 40.74 -5.06
47 -50.79 7.19 -1.24
48 -41.97 -2.33 -0.10
49 -35.83 -14.09 1.02
50 -32.05 -24.34 1.79
51 -44.71 -13.58 0.17
52 -9.03 -72.57 6.24
53 -65.49 3.14 -2.82
54 -49.85 -23.46 0.01
55 -54.09 -20.52 -0.51
56 -54.36 -24.41 -0.19
57 -53.32 -29.35 0.42
58 -62.49 -17.75 -0.86
59 -41.91 -48.57 3.00
60 -3.67 -95.49 9.36
61 40.02 -150.42 16.71
62 25.95 -128.03 14.57
63 23.89 -124.32 14.38
64 3.96 -96.66 11.23
65 -9.26 -86.06 9.69
66 -29.85 -56.11 6.01
67 -28.18 -56.82 6.49
68 -31.90 -52.26 6.07
69 -67.29 0.26 -0.15
70 -69.68 -0.90 -0.36
71 -66.51 -10.14 0.09
72 -66.99 -15.25 0.27
73 -33.14 -67.83 6.55
74 -25.10 -95.59 9.58
75 6.69 -142.76 15.71
76 8.67 -142.57 15.57
77 -49.77 -43.25 4.03
78 -24.92 -73.57 7.75
79 -41.97 -42.71 4.43
80 -27.46 -59.23 6.66
81 -61.28 -10.35 0.94
82 -119.11 70.30 -9.02
83 -122.89 76.58 -10.21
84 -80.93 13.91 -3.21
85 -76.55 0.41 -1.90
86 -60.75 -19.84 1.02
87 -67.34 -9.23 0.25
88 -67.28 -8.49 0.42
90 -39.18 -31.02 3.38
91 -52.31 -5.13 0.26
92 -48.39 -7.45 0.41
93 -47.02 -11.07 0.41
94 -57.21 1.68 -1.31
95 -53.06 -6.78 -0.52
96 -53.53 -9.59 -0.13
97 -49.28 -7.39 0.18
98 -45.63 -5.24 0.58
99 -45.65 -6.91 1.17
100 -99.17 51.22 -5.45
101 -52.81 -18.71 2.60
102 -34.90 -46.06 5.69
103 7.24 -101.18 12.19
104 42.82 -149.99 17.68
105 62.69 -174.21 20.24
106 101.39 -220.80 25.88
107 106.24 -224.91 25.89
108 56.85 -152.25 17.30
109 67.77 -159.37 17.94
110 10.12 -73.08 7.80
111 -36.94 3.05 -0.84
112 -44.57 17.38 -2.63
113 -57.67 42.08 -5.30
114 -62.90 55.33 -6.50
115 -38.18 23.38 -2.31
116 -40.08 30.43 -2.68
117 -30.08 19.54 -0.86
118 -92.99 113.64 -11.58
119 -153.23 193.39 -20.43
120 -198.66 259.20 -27.89
121 -219.22 289.15 -31.22
122 -224.72 297.49 -32.21
123 -231.76 307.44 -33.49
124 -237.40 313.63 -34.48
125 -228.19 297.27 -32.65
126 -233.83 304.91 -33.77
127 -237.69 307.61 -34.62
128 -217.36 270.86 -31.09
129 -202.14 246.10 -29.43
130 -195.38 238.03 -29.25
131 -103.55 112.99 -14.64
132 -56.11 51.35 -7.46
133 -18.66 4.12 -1.64
134 -20.65 12.94 -2.39
135 -1.16 -9.90 0.34
136 -4.10 2.02 -0.43
137 -3.77 5.24 -0.21
138 -1.32 6.75 0.18
139 -3.64 13.14 0.00
140 -3.47 17.48 -0.15
141 -4.39 20.51 -0.10
142 4.41 10.80 1.23
143 -1.31 21.24 0.16
144 -9.18 34.96 -1.41
145 0.16 22.56 -0.05
146 0.28 22.29 0.02
147 -33.71 77.98 -6.30
148 -25.31 71.77 -5.23
149 -13.47 61.16 -3.70
150 -22.47 79.78 -5.62
151 -32.25 100.76 -7.64
152 -37.97 109.68 -8.45
153 -38.82 112.02 -8.18
154 -41.66 111.45 -7.98
155 -44.73 112.07 -8.09
156 -36.22 101.31 -6.69
157 -22.94 84.66 -4.56
158 -19.96 83.34 -4.22
159 -14.53 76.40 -3.37
160 -19.23 84.02 -4.31
161 -11.01 74.10 -2.92
162 -8.74 70.83 -2.12
163 -4.47 63.09 -1.01
164 11.30 39.58 1.96
165 25.15 13.58 4.84
166 38.31 -7.69 7.43
167 57.64 -37.32 10.68
168 62.82 -49.85 11.99
169 72.18 -67.10 13.96
170 75.27 -77.28 14.86
171 83.49 -96.81 17.03
172 82.13 -104.62 17.84
173 82.94 -114.13 18.83
174 59.85 -97.03 16.48
175 40.54 -81.89 14.41
176 18.24 -56.47 11.39
177 -8.32 -23.70 7.67
178 -29.68 2.85 4.59
179 -44.45 19.81 2.57
180 -75.36 58.81 -2.17
181 -84.87 70.16 -3.62
182 -98.31 86.89 -5.64
183 -105.61 97.10 -6.69
184 -98.86 88.52 -5.58
185 -107.99 98.83 -6.90
186 -96.89 80.31 -5.11
187 -95.04 72.31 -4.81
188 -142.56 131.25 -12.69
189 -131.60 120.54 -11.37
190 -114.34 99.43 -8.74
191 -121.65 111.62 -10.44
192 -47.34 7.75 0.40
193 -13.36 -40.86 5.33
194 -0.72 -59.25 6.84
195 10.64 -79.44 8.34
196 38.52 -122.53 12.44
197 36.94 -122.66 12.16
198 43.26 -135.60 13.02
199 57.48 -162.18 15.25
200 69.64 -187.07 17.10
201 85.51 -220.65 19.95
202 82.72 -224.76 19.96
203 57.56 -193.65 16.07
204 41.32 -173.04 12.99
205 27.47 -152.75 10.49
206 -8.60 -101.98 4.33
207 -77.78 -4.89 -7.51
208 -95.40 20.45 -10.50
209 -159.17 122.16 -22.62
210 -188.62 173.72 -29.04
211 -182.40 162.55 -27.52
212 -164.69 134.79 -24.03
213 -140.49 97.75 -19.44
214 -102.99 43.78 -12.78
215 -93.04 29.84 -10.85
216 -75.69 1.57 -7.28
217 -37.60 -57.50 -0.05
218 -11.74 -107.38 5.52
219 -10.75 -113.66 6.19
220 -3.49 -136.94 8.44
221 -23.62 -101.51 5.12
222 -38.63 -102.31 4.05
223 -47.22 -106.07 3.61
224 -60.10 -84.29 1.49
225 -69.31 -66.92 -0.14
226 -85.71 -42.25 -2.77
227 -109.16 -10.49 -6.14
228 -130.06 16.33 -8.81
229 -125.76 9.72 -7.26
230 -123.15 8.46 -6.22
231 -129.80 22.71 -7.16
232 -158.84 71.85 -12.28
233 -179.47 117.55 -17.03
234 -189.95 128.35 -17.59
235 -185.22 134.17 -18.48
236 -162.47 94.33 -13.87
237 -183.97 120.88 -16.51
238 -178.77 110.37 -14.92
239 -201.93 135.98 -17.75
240 -213.81 146.42 -18.83
241 -227.64 161.95 -20.51
242 -250.63 189.33 -23.74
243 -257.69 195.35 -24.39
244 -262.85 196.32 -24.51
245 -259.47 192.44 -23.79
246 -251.48 182.27 -22.30
247 -249.06 179.09 -22.00
248 -248.48 180.48 -21.95
249 -263.86 204.78 -24.54
5 17.19 -25.22 3.06
6 -6.70 1.21 -0.18
7 -7.17 -0.30 0.25
8 -26.44 28.38 -3.27
9 3.60 -10.07 1.62
5 17.19 -25.22 3.06
6 -6.70 1.21 -0.18
7 -7.17 -0.30 0.25
8 -26.44 28.38 -3.27
9 3.60 -10.07 1.62
5 17.19 -25.22 3.06
6 -6.70 1.21 -0.18
7 -7.17 -0.30 0.25
8 -26.44 28.38 -3.27
9 3.60 -10.07 1.62
10 4.15 -10.64 1.93
11 -4.95 3.55 0.21
12 -3.52 2.34 0.36
13 11.11 -17.53 2.73
14 -3.97 2.87 0.31
15 -9.79 11.72 -0.59
16 -5.65 5.87 0.06
17 -14.50 19.89 -1.49
18 -5.10 7.81 -0.16
19 68.93 -100.40 12.11
20 81.64 -129.05 14.53
21 122.63 -197.24 21.89
22 130.19 -220.45 23.90
23 114.48 -212.65 22.34
24 108.71 -212.04 22.12
25 92.02 -194.88 20.34
26 57.02 -147.67 14.94
27 43.30 -131.52 13.17
28 -1.89 -65.40 5.68
29 -7.43 -59.76 5.07
30 -35.71 -22.20 0.76
31 -49.68 -5.29 -1.21
32 -27.96 -38.28 2.58
33 -45.46 -13.58 -0.14
34 -45.16 -14.05 0.05
35 -15.27 -55.79 4.84
36 -1.11 -76.36 7.12
37 -9.19 -61.59 5.49
38 -8.52 -63.40 5.48
39 12.56 -93.86 8.99
40 14.61 -95.17 9.35
41 -12.71 -56.13 4.96
42 -19.53 -44.57 3.82
43 -36.30 -21.51 1.24
44 -53.97 6.12 -1.62
45 -84.29 53.85 -6.66
46 -74.34 40.74 -5.06
47 -50.79 7.19 -1.24
48 -41.97 -2.33 -0.10
49 -35.83 -14.09 1.02
50 -32.05 -24.34 1.79
51 -44.71 -13.58 0.17
52 -9.03 -72.57 6.24
53 -65.49 3.14 -2.82
54 -49.85 -23.46 0.01
55 -54.09 -20.52 -0.51
56 -54.36 -24.41 -0.19
57 -53.32 -29.35 0.42
58 -62.49 -17.75 -0.86
59 -41.91 -48.57 3.00
60 -3.67 -95.49 9.36
61 40.02 -150.42 16.71
62 25.95 -128.03 14.57
63 23.89 -124.32 14.38
64 3.96 -96.66 11.23
65 -9.26 -86.06 9.69
66 -29.85 -56.11 6.01
67 -28.18 -56.82 6.49
68 -31.90 -52.26 6.07
69 -67.29 0.26 -0.15
70 -69.68 -0.90 -0.36
71 -66.51 -10.14 0.09
72 -66.99 -15.25 0.27
73 -33.14 -67.83 6.55
74 -25.10 -95.59 9.58
75 6.69 -142.76 15.71
76 8.67 -142.57 15.57
77 -49.77 -43.25 4.03
78 -24.92 -73.57 7.75
79 -41.97 -42.71 4.43
80 -27.46 -59.23 6.66
81 -61.28 -10.35 0.94
82 -119.11 70.30 -9.02
83 -122.89 76.58 -10.21
84 -80.93 13.91 -3.21
85 -76.55 0.41 -1.90
86 -60.75 -19.84 1.02
87 -67.34 -9.23 0.25
88 -67.28 -8.49 0.42
90 -39.18 -31.02 3.38
91 -52.31 -5.13 0.26
92 -48.39 -7.45 0.41
93 -47.02 -11.07 0.41
94 -57.21 1.68 -1.31
95 -53.06 -6.78 -0.52
96 -53.53 -9.59 -0.13
97 -49.28 -7.39 0.18
98 -45.63 -5.24 0.58
99 -45.65 -6.91 1.17
100 -99.17 51.22 -5.45
101 -52.81 -18.71 2.60
102 -34.90 -46.06 5.69
103 7.24 -101.18 12.19
104 42.82 -149.99 17.68
105 62.69 -174.21 20.24
106 101.39 -220.80 25.88
107 106.24 -224.91 25.89
108 56.85 -152.25 17.30
109 67.77 -159.37 17.94
110 10.12 -73.08 7.80
111 -36.94 3.05 -0.84
112 -44.57 17.38 -2.63
113 -57.67 42.08 -5.30
114 -62.90 55.33 -6.50
115 -38.18 23.38 -2.31
116 -40.08 30.43 -2.68
117 -30.08 19.54 -0.86
118 -92.99 113.64 -11.58
119 -153.23 193.39 -20.43
120 -198.66 259.20 -27.89
121 -219.22 289.15 -31.22
122 -224.72 297.49 -32.21
123 -231.76 307.44 -33.49
124 -237.40 313.63 -34.48
125 -228.19 297.27 -32.65
126 -233.83 304.91 -33.77
127 -237.69 307.61 -34.62
128 -217.36 270.86 -31.09
129 -202.14 246.10 -29.43
130 -195.38 238.03 -29.25
131 -103.55 112.99 -14.64
132 -56.11 51.35 -7.46
133 -18.66 4.12 -1.64
134 -20.65 12.94 -2.39
135 -1.16 -9.90 0.34
136 -4.10 2.02 -0.43
137 -3.77 5.24 -0.21
138 -1.32 6.75 0.18
139 -3.64 13.14 0.00
140 -3.47 17.48 -0.15
141 -4.39 20.51 -0.10
142 4.41 10.80 1.23
143 -1.31 21.24 0.16
144 -9.18 34.96 -1.41
145 0.16 22.56 -0.05
146 0.28 22.29 0.02
147 -33.71 77.98 -6.30
148 -25.31 71.77 -5.23
149 -13.47 61.16 -3.70
150 -22.47 79.78 -5.62
151 -32.25 100.76 -7.64
152 -37.97 109.68 -8.45
153 -38.82 112.02 -8.18
154 -41.66 111.45 -7.98
155 -44.73 112.07 -8.09
156 -36.22 101.31 -6.69
157 -22.94 84.66 -4.56
158 -19.96 83.34 -4.22
159 -14.53 76.40 -3.37
160 -19.23 84.02 -4.31
161 -11.01 74.10 -2.92
162 -8.74 70.83 -2.12
163 -4.47 63.09 -1.01
164 11.30 39.58 1.96
165 25.15 13.58 4.84
166 38.31 -7.69 7.43
167 57.64 -37.32 10.68
168 62.82 -49.85 11.99
169 72.18 -67.10 13.96
170 75.27 -77.28 14.86
171 83.49 -96.81 17.03
172 82.13 -104.62 17.84
173 82.94 -114.13 18.83
174 59.85 -97.03 16.48
175 40.54 -81.89 14.41
176 18.24 -56.47 11.39
177 -8.32 -23.70 7.67
178 -29.68 2.85 4.59
179 -44.45 19.81 2.57
180 -75.36 58.81 -2.17
181 -84.87 70.16 -3.62
182 -98.31 86.89 -5.64
183 -105.61 97.10 -6.69
184 -98.86 88.52 -5.58
185 -107.99 98.83 -6.90
186 -96.89 80.31 -5.11
187 -95.04 72.31 -4.81
188 -142.56 131.25 -12.69
189 -131.60 120.54 -11.37
190 -114.34 99.43 -8.74
191 -121.65 111.62 -10.44
192 -47.34 7.75 0.40
193 -13.36 -40.86 5.33
194 -0.72 -59.25 6.84
195 10.64 -79.44 8.34
196 38.52 -122.53 12.44
197 36.94 -122.66 12.16
198 43.26 -135.60 13.02
199 57.48 -162.18 15.25
200 69.64 -187.07 17.10
201 85.51 -220.65 19.95
202 82.72 -224.76 19.96
203 57.56 -193.65 16.07
204 41.32 -173.04 12.99
205 27.47 -152.75 10.49
206 -8.60 -101.98 4.33
207 -77.78 -4.89 -7.51
208 -95.40 20.45 -10.50
209 -159.17 122.16 -22.62
210 -188.62 173.72 -29.04
211 -182.40 162.55 -27.52
212 -164.69 134.79 -24.03
213 -140.49 97.75 -19.44
214 -102.99 43.78 -12.78
215 -93.04 29.84 -10.85
216 -75.69 1.57 -7.28
217 -37.60 -57.50 -0.05
218 -11.74 -107.38 5.52
219 -10.75 -113.66 6.19
220 -3.49 -136.94 8.44
221 -23.62 -101.51 5.12
222 -38.63 -102.31 4.05
223 -47.22 -106.07 3.61
224 -60.10 -84.29 1.49
225 -69.31 -66.92 -0.14
226 -85.71 -42.25 -2.77
227 -109.16 -10.49 -6.14
228 -130.06 16.33 -8.81
229 -125.76 9.72 -7.26
230 -123.15 8.46 -6.22
231 -129.80 22.71 -7.16
232 -158.84 71.85 -12.28
233 -179.47 117.55 -17.03
234 -189.95 128.35 -17.59
235 -185.22 134.17 -18.48
236 -162.47 94.33 -13.87
237 -183.97 120.88 -16.51
238 -178.77 110.37 -14.92
239 -201.93 135.98 -17.75
240 -213.81 146.42 -18.83
241 -227.64 161.95 -20.51
242 -250.63 189.33 -23.74
243 -257.69 195.35 -24.39
244 -262.85 196.32 -24.51
245 -259.47 192.44 -23.79
246 -251.48 182.27 -22.30
247 -249.06 179.09 -22.00
248 -248.48 180.48 -21.95
249 -263.86 204.78 -24.54
250 -263.38 202.87 -24.25
251 -257.77 201.58 -23.82
252 -212.30 135.55 -16.24
253 -199.37 119.90 -14.28
254 -191.58 107.94 -12.90
255 -182.71 94.20 -11.03
256 -169.17 77.83 -8.98
257 -147.51 50.21 -5.53
258 -114.67 9.02 -0.39
259 -68.79 -43.57 6.36
260 -50.05 -62.30 8.94
261 -19.37 -99.54 13.50
262 -4.65 -113.80 15.28
263 21.20 -144.39 18.86
264 21.70 -140.35 18.60
265 70.29 -196.49 25.65
266 79.14 -200.23 26.25
267 97.56 -215.61 28.47
268 115.51 -231.05 30.64
269 143.67 -262.85 34.77
270 160.28 -276.49 36.85
271 189.71 -307.81 40.87
272 204.76 -322.83 42.94
273 217.80 -331.00 44.33
274 243.96 -361.74 48.26
275 263.75 -385.08 51.27
276 265.40 -383.30 51.37
277 294.66 -415.50 55.62
278 296.33 -417.03 55.83
279 320.08 -445.29 59.19
280 326.17 -453.84 59.91
281 348.98 -481.55 63.14
282 368.83 -511.44 66.11
283 382.58 -537.53 68.17
284 405.43 -566.98 71.13
5 17.19 -25.22 3.06
5 17.19 -25.22 3.06
6 -6.70 1.21 -0.18
7 -7.17 -0.30 0.25
8 -26.44 28.38 -3.27
9 3.60 -10.07 1.62
10 4.15 -10.64 1.93
11 -4.95 3.55 0.21
12 -3.52 2.34 0.36
13 11.11 -17.53 2.73
14 -3.97 2.87 0.31
15 -9.79 11.72 -0.59
16 -5.65 5.87 0.06
17 -14.50 19.89 -1.49
18 -5.10 7.81 -0.16
19 68.93 -100.40 12.11
20 81.64 -129.05 14.53
21 122.63 -197.24 21.89
22 130.19 -220.45 23.90
23 114.48 -212.65 22.34
24 108.71 -212.04 22.12
25 92.02 -194.88 20.34
26 57.02 -147.67 14.94
27 43.30 -131.52 13.17
28 -1.89 -65.40 5.68
29 -7.43 -59.76 5.07
30 -35.71 -22.20 0.76
31 -49.68 -5.29 -1.21
32 -27.96 -38.28 2.58
33 -45.46 -13.58 -0.14
34 -45.16 -14.05 0.05
35 -15.27 -55.79 4.84
36 -1.11 -76.36 7.12
37 -9.19 -61.59 5.49
38 -8.52 -63.40 5.48
39 12.56 -93.86 8.99
40 14.61 -95.17 9.35
41 -12.71 -56.13 4.96
42 -19.53 -44.57 3.82
43 -36.30 -21.51 1.24
44 -53.97 6.12 -1.62
45 -84.29 53.85 -6.66
46 -74.34 40.74 -5.06
47 -50.79 7.19 -1.24
48 -41.97 -2.33 -0.10
49 -35.83 -14.09 1.02
50 -32.05 -24.34 1.79
51 -44.71 -13.58 0.17
52 -9.03 -72.57 6.24
53 -65.49 3.14 -2.82
54 -49.85 -23.46 0.01
55 -54.09 -20.52 -0.51
56 -54.36 -24.41 -0.19
57 -53.32 -29.35 0.42
58 -62.49 -17.75 -0.86
59 -41.91 -48.57 3.00
60 -3.67 -95.49 9.36
61 40.02 -150.42 16.71
62 25.95 -128.03 14.57
63 23.89 -124.32 14.38
64 3.96 -96.66 11.23
65 -9.26 -86.06 9.69
66 -29.85 -56.11 6.01
67 -28.18 -56.82 6.49
68 -31.90 -52.26 6.07
69 -67.29 0.26 -0.15
70 -69.68 -0.90 -0.36
71 -66.51 -10.14 0.09
72 -66.99 -15.25 0.27
73 -33.14 -67.83 6.55
74 -25.10 -95.59 9.58
75 6.69 -142.76 15.71
76 8.67 -142.57 15.57
77 -49.77 -43.25 4.03
78 -24.92 -73.57 7.75
79 -41.97 -42.71 4.43
80 -27.46 -59.23 6.66
81 -61.28 -10.35 0.94
82 -119.11 70.30 -9.02
83 -122.89 76.58 -10.21
84 -80.93 13.91 -3.21
85 -76.55 0.41 -1.90
86 -60.75 -19.84 1.02
87 -67.34 -9.23 0.25
88 -67.28 -8.49 0.42
90 -39.18 -31.02 3.38
91 -52.31 -5.13 0.26
92 -48.39 -7.45 0.41
93 -47.02 -11.07 0.41
94 -57.21 1.68 -1.31
95 -53.06 -6.78 -0.52
96 -53.53 -9.59 -0.13
97 -49.28 -7.39 0.18
98 -45.63 -5.24 0.58
99 -45.65 -6.91 1.17
100 -99.17 51.22 -5.45
101 -52.81 -18.71 2.60
102 -34.90 -46.06 5.69
103 7.24 -101.18 12.19
104 42.82 -149.99 17.68
105 62.69 -174.21 20.24
106 101.39 -220.80 25.88
107 106.24 -224.91 25.89
108 56.85 -152.25 17.30
109 67.77 -159.37 17.94
110 10.12 -73.08 7.80
111 -36.94 3.05 -0.84
112 -44.57 17.38 -2.63
113 -57.67 42.08 -5.30
114 -62.90 55.33 -6.50
115 -38.18 23.38 -2.31
116 -40.08 30.43 -2.68
117 -30.08 19.54 -0.86
118 -92.99 113.64 -11.58
119 -153.23 193.39 -20.43
120 -198.66 259.20 -27.89
121 -219.22 289.15 -31.22
122 -224.72 297.49 -32.21
123 -231.76 307.44 -33.49
124 -237.40 313.63 -34.48
125 -228.19 297.27 -32.65
126 -233.83 304.91 -33.77
127 -237.69 307.61 -34.62
128 -217.36 270.86 -31.09
129 -202.14 246.10 -29.43
130 -195.38 238.03 -29.25
131 -103.55 112.99 -14.64
132 -56.11 51.35 -7.46
133 -18.66 4.12 -1.64
134 -20.65 12.94 -2.39
135 -1.16 -9.90 0.34
136 -4.10 2.02 -0.43
137 -3.77 5.24 -0.21
138 -1.32 6.75 0.18
139 -3.64 13.14 0.00
140 -3.47 17.48 -0.15
141 -4.39 20.51 -0.10
142 4.41 10.80 1.23
143 -1.31 21.24 0.16
144 -9.18 34.96 -1.41
145 0.16 22.56 -0.05
146 0.28 22.29 0.02
147 -33.71 77.98 -6.30
148 -25.31 71.77 -5.23
149 -13.47 61.16 -3.70
150 -22.47 79.78 -5.62
151 -32.25 100.76 -7.64
152 -37.97 109.68 -8.45
153 -38.82 112.02 -8.18
154 -41.66 111.45 -7.98
155 -44.73 112.07 -8.09
156 -36.22 101.31 -6.69
157 -22.94 84.66 -4.56
158 -19.96 83.34 -4.22
159 -14.53 76.40 -3.37
160 -19.23 84.02 -4.31
161 -11.01 74.10 -2.92
162 -8.74 70.83 -2.12
163 -4.47 63.09 -1.01
164 11.30 39.58 1.96
165 25.15 13.58 4.84
166 38.31 -7.69 7.43
167 57.64 -37.32 10.68
168 62.82 -49.85 11.99
169 72.18 -67.10 13.96
170 75.27 -77.28 14.86
171 83.49 -96.81 17.03
172 82.13 -104.62 17.84
173 82.94 -114.13 18.83
174 59.85 -97.03 16.48
175 40.54 -81.89 14.41
176 18.24 -56.47 11.39
177 -8.32 -23.70 7.67
178 -29.68 2.85 4.59
179 -44.45 19.81 2.57
180 -75.36 58.81 -2.17
181 -84.87 70.16 -3.62
182 -98.31 86.89 -5.64
183 -105.61 97.10 -6.69
184 -98.86 88.52 -5.58
185 -107.99 98.83 -6.90
186 -96.89 80.31 -5.11
187 -95.04 72.31 -4.81
188 -142.56 131.25 -12.69
189 -131.60 120.54 -11.37
190 -114.34 99.43 -8.74
191 -121.65 111.62 -10.44
192 -47.34 7.75 0.40
193 -13.36 -40.86 5.33
194 -0.72 -59.25 6.84
195 10.64 -79.44 8.34
196 38.52 -122.53 12.44
197 36.94 -122.66 12.16
198 43.26 -135.60 13.02
199 57.48 -162.18 15.25
200 69.64 -187.07 17.10
201 85.51 -220.65 19.95
202 82.72 -224.76 19.96
203 57.56 -193.65 16.07
204 41.32 -173.04 12.99
205 27.47 -152.75 10.49
206 -8.60 -101.98 4.33
207 -77.78 -4.89 -7.51
208 -95.40 20.45 -10.50
209 -159.17 122.16 -22.62
210 -188.62 173.72 -29.04
211 -182.40 162.55 -27.52
212 -164.69 134.79 -24.03
213 -140.49 97.75 -19.44
214 -102.99 43.78 -12.78
215 -93.04 29.84 -10.85
216 -75.69 1.57 -7.28
217 -37.60 -57.50 -0.05
218 -11.74 -107.38 5.52
219 -10.75 -113.66 6.19
220 -3.49 -136.94 8.44
221 -23.62 -101.51 5.12
222 -38.63 -102.31 4.05
223 -47.22 -106.07 3.61
224 -60.10 -84.29 1.49
225 -69.31 -66.92 -0.14
226 -85.71 -42.25 -2.77
227 -109.16 -10.49 -6.14
228 -130.06 16.33 -8.81
229 -125.76 9.72 -7.26
230 -123.15 8.46 -6.22
231 -129.80 22.71 -7.16
232 -158.84 71.85 -12.28
233 -179.47 117.55 -17.03
234 -189.95 128.35 -17.59
235 -185.22 134.17 -18.48
236 -162.47 94.33 -13.87
237 -183.97 120.88 -16.51
238 -178.77 110.37 -14.92
239 -201.93 135.98 -17.75
240 -213.81 146.42 -18.83
241 -227.64 161.95 -20.51
242 -250.63 189.33 -23.74
243 -257.69 195.35 -24.39
244 -262.85 196.32 -24.51
245 -259.47 192.44 -23.79
246 -251.48 182.27 -22.30
247 -249.06 179.09 -22.00
248 -248.48 180.48 -21.95
249 -263.86 204.78 -24.54
250 -263.38 202.87 -24.25
251 -257.77 201.58 -23.82
252 -212.30 135.55 -16.24
253 -199.37 119.90 -14.28
254 -191.58 107.94 -12.90
255 -182.71 94.20 -11.03
256 -169.17 77.83 -8.98
257 -147.51 50.21 -5.53
258 -114.67 9.02 -0.39
259 -68.79 -43.57 6.36
260 -50.05 -62.30 8.94
261 -19.37 -99.54 13.50
262 -4.65 -113.80 15.28
263 21.20 -144.39 18.86
264 21.70 -140.35 18.60
265 70.29 -196.49 25.65
266 79.14 -200.23 26.25
267 97.56 -215.61 28.47
268 115.51 -231.05 30.64
269 143.67 -262.85 34.77
270 160.28 -276.49 36.85
271 189.71 -307.81 40.87
272 204.76 -322.83 42.94
273 217.80 -331.00 44.33
274 243.96 -361.74 48.26
275 263.75 -385.08 51.27
276 265.40 -383.30 51.37
277 294.66 -415.50 55.62
278 296.33 -417.03 55.83
279 320.08 -445.29 59.19
280 326.17 -453.84 59.91
281 348.98 -481.55 63.14
282 368.83 -511.44 66.11
283 382.58 -537.53 68.17
284 405.43 -566.98 71.13
5 17.19 -25.22 3.06
6 -6.70 1.21 -0.18
7 -7.17 -0.30 0.25
5 17.19 -25.22 3.06
6 -6.70 1.21 -0.18
7 -7.17 -0.30 0.25
8 -26.44 28.38 -3.27
9 3.60 -10.07 1.62
10 4.15 -10.64 1.93
11 -4.95 3.55 0.21
12 -3.52 2.34 0.36
13 11.11 -17.53 2.73
14 -3.97 2.87 0.31
15 -9.79 11.72 -0.59
16 -5.65 5.87 0.06
17 -14.50 19.89 -1.49
18 -5.10 7.81 -0.16
19 68.93 -100.40 12.11
20 81.64 -129.05 14.53
21 122.63 -197.24 21.89
22 130.19 -220.45 23.90
23 114.48 -212.65 22.34
24 108.71 -212.04 22.12
25 92.02 -194.88 20.34
26 57.02 -147.67 14.94
27 43.30 -131.52 13.17
28 -1.89 -65.40 5.68
29 -7.43 -59.76 5.07
30 -35.71 -22.20 0.76
31 -49.68 -5.29 -1.21
32 -27.96 -38.28 2.58
33 -45.46 -13.58 -0.14
34 -45.16 -14.05 0.05
35 -15.27 -55.79 4.84
36 -1.11 -76.36 7.12
37 -9.19 -61.59 5.49
38 -8.52 -63.40 5.48
39 12.56 -93.86 8.99
40 14.61 -95.17 9.35
41 -12.71 -56.13 4.96
42 -19.53 -44.57 3.82
43 -36.30 -21.51 1.24
44 -53.97 6.12 -1.62
45 -84.29 53.85 -6.66
46 -74.34 40.74 -5.06
47 -50.79 7.19 -1.24
48 -41.97 -2.33 -0.10
49 -35.83 -14.09 1.02
50 -32.05 -24.34 1.79
51 -44.71 -13.58 0.17
52 -9.03 -72.57 6.24
53 -65.49 3.14 -2.82
54 -49.85 -23.46 0.01
55 -54.09 -20.52 -0.51
56 -54.36 -24.41 -0.19
57 -53.32 -29.35 0.42
58 -62.49 -17.75 -0.86
59 -41.91 -48.57 3.00
60 -3.67 -95.49 9.36
61 40.02 -150.42 16.71
62 25.95 -128.03 14.57
63 23.89 -124.32 14.38
64 3.96 -96.66 11.23
65 -9.26 -86.06 9.69
66 -29.85 -56.11 6.01
67 -28.18 -56.82 6.49
68 -31.90 -52.26 6.07
69 -67.29 0.26 -0.15
70 -69.68 -0.90 -0.36
71 -66.51 -10.14 0.09
72 -66.99 -15.25 0.27
73 -33.14 -67.83 6.55
74 -25.10 -95.59 9.58
75 6.69 -142.76 15.71
76 8.67 -142.57 15.57
77 -49.77 -43.25 4.03
78 -24.92 -73.57 7.75
79 -41.97 -42.71 4.43
80 -27.46 -59.23 6.66
81 -61.28 -10.35 0.94
82 -119.11 70.30 -9.02
83 -122.89 76.58 -10.21
84 -80.93 13.91 -3.21
85 -76.55 0.41 -1.90
86 -60.75 -19.84 1.02
87 -67.34 -9.23 0.25
88 -67.28 -8.49 0.42
90 -39.18 -31.02 3.38
91 -52.31 -5.13 0.26
92 -48.39 -7.45 0.41
93 -47.02 -11.07 0.41
94 -57.21 1.68 -1.31
95 -53.06 -6.78 -0.52
96 -53.53 -9.59 -0.13
97 -49.28 -7.39 0.18
98 -45.63 -5.24 0.58
99 -45.65 -6.91 1.17
100 -99.17 51.22 -5.45
101 -52.81 -18.71 2.60
102 -34.90 -46.06 5.69
103 7.24 -101.18 12.19
104 42.82 -149.99 17.68
105 62.69 -174.21 20.24
106 101.39 -220.80 25.88
107 106.24 -224.91 25.89
108 56.85 -152.25 17.30
109 67.77 -159.37 17.94
110 10.12 -73.08 7.80
111 -36.94 3.05 -0.84
112 -44.57 17.38 -2.63
113 -57.67 42.08 -5.30
114 -62.90 55.33 -6.50
115 -38.18 23.38 -2.31
116 -40.08 30.43 -2.68
117 -30.08 19.54 -0.86
118 -92.99 113.64 -11.58
119 -153.23 193.39 -20.43
120 -198.66 259.20 -27.89
121 -219.22 289.15 -31.22
122 -224.72 297.49 -32.21
123 -231.76 307.44 -33.49
124 -237.40 313.63 -34.48
125 -228.19 297.27 -32.65
126 -233.83 304.91 -33.77
127 -237.69 307.61 -34.62
128 -217.36 270.86 -31.09
129 -202.14 246.10 -29.43
130 -195.38 238.03 -29.25
131 -103.55 112.99 -14.64
132 -56.11 51.35 -7.46
133 -18.66 4.12 -1.64
134 -20.65 12.94 -2.39
135 -1.16 -9.90 0.34
136 -4.10 2.02 -0.43
137 -3.77 5.24 -0.21
138 -1.32 6.75 0.18
139 -3.64 13.14 0.00
140 -3.47 17.48 -0.15
141 -4.39 20.51 -0.10
142 4.41 10.80 1.23
143 -1.31 21.24 0.16
144 -9.18 34.96 -1.41
145 0.16 22.56 -0.05
146 0.28 22.29 0.02
147 -33.71 77.98 -6.30
148 -25.31 71.77 -5.23
149 -13.47 61.16 -3.70
150 -22.47 79.78 -5.62
151 -32.25 100.76 -7.64
152 -37.97 109.68 -8.45
153 -38.82 112.02 -8.18
154 -41.66 111.45 -7.98
155 -44.73 112.07 -8.09
156 -36.22 101.31 -6.69
157 -22.94 84.66 -4.56
158 -19.96 83.34 -4.22
159 -14.53 76.40 -3.37
160 -19.23 84.02 -4.31
161 -11.01 74.10 -2.92
162 -8.74 70.83 -2.12
163 -4.47 63.09 -1.01
164 11.30 39.58 1.96
165 25.15 13.58 4.84
166 38.31 -7.69 7.43
167 57.64 -37.32 10.68
168 62.82 -49.85 11.99
169 72.18 -67.10 13.96
170 75.27 -77.28 14.86
171 83.49 -96.81 17.03
172 82.13 -104.62 17.84
173 82.94 -114.13 18.83
174 59.85 -97.03 16.48
175 40.54 -81.89 14.41
176 18.24 -56.47 11.39
177 -8.32 -23.70 7.67
178 -29.68 2.85 4.59
179 -44.45 19.81 2.57
180 -75.36 58.81 -2.17
181 -84.87 70.16 -3.62
182 -98.31 86.89 -5.64
183 -105.61 97.10 -6.69
184 -98.86 88.52 -5.58
185 -107.99 98.83 -6.90
186 -96.89 80.31 -5.11
187 -95.04 72.31 -4.81
188 -142.56 131.25 -12.69
189 -131.60 120.54 -11.37
190 -114.34 99.43 -8.74
191 -121.65 111.62 -10.44
192 -47.34 7.75 0.40
193 -13.36 -40.86 5.33
194 -0.72 -59.25 6.84
195 10.64 -79.44 8.34
196 38.52 -122.53 12.44
197 36.94 -122.66 12.16
198 43.26 -135.60 13.02
199 57.48 -162.18 15.25
200 69.64 -187.07 17.10
201 85.51 -220.65 19.95
202 82.72 -224.76 19.96
203 57.56 -193.65 16.07
204 41.32 -173.04 12.99
205 27.47 -152.75 10.49
206 -8.60 -101.98 4.33
207 -77.78 -4.89 -7.51
208 -95.40 20.45 -10.50
209 -159.17 122.16 -22.62
210 -188.62 173.72 -29.04
211 -182.40 162.55 -27.52
212 -164.69 134.79 -24.03
213 -140.49 97.75 -19.44
214 -102.99 43.78 -12.78
215 -93.04 29.84 -10.85
216 -75.69 1.57 -7.28
217 -37.60 -57.50 -0.05
218 -11.74 -107.38 5.52
219 -10.75 -113.66 6.19
220 -3.49 -136.94 8.44
221 -23.62 -101.51 5.12
222 -38.63 -102.31 4.05
223 -47.22 -106.07 3.61
224 -60.10 -84.29 1.49
225 -69.31 -66.92 -0.14
226 -85.71 -42.25 -2.77
227 -109.16 -10.49 -6.14
228 -130.06 16.33 -8.81
229 -125.76 9.72 -7.26
230 -123.15 8.46 -6.22
231 -129.80 22.71 -7.16
232 -158.84 71.85 -12.28
233 -179.47 117.55 -17.03
234 -189.95 128.35 -17.59
235 -185.22 134.17 -18.48
236 -162.47 94.33 -13.87
237 -183.97 120.88 -16.51
238 -178.77 110.37 -14.92
239 -201.93 135.98 -17.75
240 -213.81 146.42 -18.83
241 -227.64 161.95 -20.51
242 -250.63 189.33 -23.74
243 -257.69 195.35 -24.39
244 -262.85 196.32 -24.51
245 -259.47 192.44 -23.79
246 -251.48 182.27 -22.30
247 -249.06 179.09 -22.00
248 -248.48 180.48 -21.95
249 -263.86 204.78 -24.54
250 -263.38 202.87 -24.25
251 -257.77 201.58 -23.82
252 -212.30 135.55 -16.24
253 -199.37 119.90 -14.28
254 -191.58 107.94 -12.90
255 -182.71 94.20 -11.03
256 -169.17 77.83 -8.98
257 -147.51 50.21 -5.53
258 -114.67 9.02 -0.39
259 -68.79 -43.57 6.36
260 -50.05 -62.30 8.94
261 -19.37 -99.54 13.50
262 -4.65 -113.80 15.28
263 21.20 -144.39 18.86
264 21.70 -140.35 18.60
265 70.29 -196.49 25.65
266 79.14 -200.23 26.25
267 97.56 -215.61 28.47
268 115.51 -231.05 30.64
269 143.67 -262.85 34.77
270 160.28 -276.49 36.85
271 189.71 -307.81 40.87
272 204.76 -322.83 42.94
273 217.80 -331.00 44.33
274 243.96 -361.74 48.26
275 263.75 -385.08 51.27
276 265.40 -383.30 51.37
277 294.66 -415.50 55.62
278 296.33 -417.03 55.83
279 320.08 -445.29 59.19
280 326.17 -453.84 59.91
281 348.98 -481.55 63.14
282 368.83 -511.44 66.11
283 382.58 -537.53 68.17
284 405.43 -566.98 71.13
5 17.19 -25.22 3.06
5 -27.14 22.47 -2.81
5 -27.14 22.47 -2.81
5 -27.14 22.47 -2.81
6 -6.72 0.98 -0.06
7 -8.93 -2.49 0.02
5 -27.14 22.47 -2.81
6 -6.72 0.98 -0.06
7 -8.93 -2.49 0.02
8 23.52 -29.60 3.37
9 -17.58 6.38 -1.20
10 -25.88 10.68 -1.97
11 -8.94 -3.37 -0.25
12 -6.41 -4.22 -0.08
13 -28.06 14.57 -2.46
14 -19.05 5.98 -1.40
15 -6.18 -7.51 0.06
16 -7.65 -5.70 -0.13
17 14.34 -26.60 2.22
18 8.90 -19.35 1.46
19 -104.00 89.98 -10.93
20 -132.60 122.90 -13.86
21 -206.08 194.41 -21.55
22 -230.44 219.23 -23.70
23 -206.88 196.29 -20.43
24 -234.50 219.32 -23.00
25 -227.53 204.82 -21.54
26 -178.33 155.55 -15.92
27 -159.07 133.09 -13.43
28 -88.57 64.99 -5.71
29 -76.61 51.52 -4.19
30 -40.85 15.43 -0.03
31 -39.84 12.46 0.31
32 -48.36 19.71 -0.49
33 -42.32 11.56 0.29
34 -44.02 11.19 0.20
35 -93.06 58.90 -5.29
36 -112.79 78.95 -7.50
37 -90.64 58.65 -5.25
38 -85.98 57.07 -4.83
39 -116.45 86.34 -8.17
40 -125.07 92.26 -9.09
41 -82.11 49.61 -4.28
42 -65.40 32.53 -2.48
43 -44.63 10.85 -0.06
44 -37.47 0.42 0.77
45 9.85 -48.24 5.96
46 -7.72 -32.39 4.02
47 -42.54 1.57 0.14
48 -44.11 4.80 -0.26
49 -59.58 20.93 -1.89
50 -70.91 34.43 -3.03
51 -59.45 24.04 -1.44
52 -100.34 68.44 -5.85
53 -42.78 15.33 0.69
54 -41.05 13.80 1.03
55 -49.23 22.21 0.25
56 -54.14 27.33 -0.12
57 -62.04 30.89 -0.64
58 -59.69 26.40 -0.19
59 -82.84 43.29 -2.45
60 -146.49 95.72 -9.43
61 -213.98 150.76 -16.77
62 -198.28 130.87 -14.91
63 -200.21 129.77 -15.03
64 -172.09 101.50 -11.84
65 -162.89 91.79 -10.41
66 -127.93 62.11 -6.74
67 -132.23 61.70 -7.10
68 -127.74 55.07 -6.45
69 -68.00 2.14 -0.09
70 -68.58 4.56 -0.08
71 -67.32 8.83 0.01
72 -66.84 10.13 0.24
73 -153.98 87.42 -8.90
74 -180.86 104.92 -10.72
75 -241.25 152.01 -16.79
76 -241.74 156.24 -17.15
77 -114.92 46.39 -4.45
78 -150.44 80.45 -8.60
79 -116.31 48.79 -5.20
80 -138.45 68.06 -7.74
81 -79.32 13.25 -1.32
82 8.67 -62.61 8.10
83 28.60 -74.03 9.91
84 -35.05 -12.06 2.95
85 -62.06 12.24 0.38
86 -72.47 15.96 -0.59
87 -70.08 7.75 -0.11
88 -78.85 12.85 -0.96
90 -95.04 34.52 -3.85
91 -70.79 17.90 -1.80
92 -57.15 9.19 -0.65
93 -52.65 10.02 -0.32
94 -27.66 -11.13 2.39
95 -42.51 3.69 0.84
96 -48.70 6.31 0.47
97 -53.68 8.38 -0.34
98 -53.41 3.57 -0.43
99 -62.74 6.14 -1.11
100 -17.00 -50.77 5.40
101 -96.70 22.58 -3.11
102 -128.44 53.30 -6.53
103 -187.41 111.22 -13.31
104 -228.41 153.16 -18.06
105 -247.46 178.84 -20.65
106 -291.14 223.86 -25.96
107 -294.76 235.17 -26.87
108 -218.87 166.77 -18.87
109 -199.32 155.92 -17.48
110 -111.22 76.16 -8.17
111 -6.39 -18.58 2.75
112 -10.78 -11.16 1.98
113 26.05 -45.29 5.65
114 40.19 -59.58 6.99
115 -4.79 -21.83 2.12
116 1.20 -30.86 2.74
117 -21.45 -15.35 0.34
118 76.39 -107.83 10.88
119 139.86 -177.90 18.62
120 207.74 -243.60 26.12
121 233.58 -269.53 29.03
122 243.07 -277.27 30.01
123 258.79 -290.26 31.66
124 266.34 -294.96 32.46
125 257.59 -287.55 31.69
126 260.42 -286.43 31.88
127 273.32 -291.73 33.18
128 246.16 -260.30 30.28
129 230.16 -231.21 27.95
130 241.87 -231.45 28.60
131 118.76 -113.13 14.67
132 51.38 -46.15 6.83
133 24.44 -21.13 3.61
134 36.87 -32.53 4.66
135 -4.87 9.54 -0.25
136 -6.23 6.32 -0.55
137 15.06 -18.65 1.85
138 -3.36 -7.44 -0.14
139 -4.50 -12.33 -0.10
140 -0.44 -18.14 0.20
141 -4.56 -18.96 -0.14
142 -5.87 -18.84 -0.36
143 -4.40 -20.87 -0.27
144 7.25 -30.48 0.83
145 1.82 -23.41 0.10
146 0.89 -23.24 0.04
147 60.17 -76.71 6.09
148 54.28 -72.20 5.23
149 37.21 -56.39 3.07
150 55.20 -72.91 4.76
151 86.16 -102.98 7.88
152 91.75 -110.87 8.58
153 86.16 -112.72 8.23
154 82.28 -114.02 8.26
155 81.53 -115.29 8.44
156 64.79 -100.81 6.60
157 45.69 -84.10 4.46
158 39.87 -79.30 3.71
159 31.20 -71.20 2.73
160 42.55 -80.52 3.87
161 28.30 -69.31 2.32
162 19.59 -67.09 1.64
163 8.75 -61.03 0.73
164 -16.08 -41.45 -1.76
165 -51.12 -10.38 -5.23
166 -79.96 13.52 -8.12
167 -110.49 43.90 -11.43
168 -123.35 55.14 -12.55
169 -144.78 73.38 -14.61
170 -153.76 82.19 -15.35
171 -180.36 103.99 -17.77
172 -192.65 110.75 -18.43
173 -203.78 117.56 -19.09
174 -191.42 99.94 -16.74
175 -182.17 86.85 -15.02
176 -160.10 62.32 -12.13
177 -131.81 30.85 -8.55
178 -104.13 1.80 -5.19
179 -70.65 -32.35 -1.21
180 -42.00 -59.70 2.17
181 -38.80 -62.17 2.59
182 -11.22 -88.88 5.77
183 -11.70 -90.66 5.83
184 -16.10 -87.59 5.36
185 -7.02 -95.90 6.49
186 -25.80 -74.58 4.39
187 -24.85 -70.13 4.48
188 44.71 -126.49 12.10
189 37.25 -117.36 10.97
190 17.31 -98.97 8.63
191 34.79 -109.55 10.21
192 -56.67 -4.99 -0.79
193 -94.51 40.95 -5.41
194 -102.45 57.11 -6.66
195 -114.47 78.29 -8.24
196 -148.54 121.61 -12.32
197 -146.28 122.57 -12.08
198 -153.73 136.40 -13.04
199 -173.78 163.59 -15.31
200 -188.91 188.21 -17.09
201 -214.86 221.35 -19.79
202 -217.48 225.29 -19.77
203 -182.11 191.31 -15.68
204 -152.45 170.35 -12.66
205 -129.74 151.01 -10.32
206 -69.58 97.00 -3.81
207 34.11 6.04 7.32
208 64.22 -21.55 10.58
209 183.74 -122.09 22.65
210 246.69 -168.49 28.56
211 230.73 -157.76 27.13
212 193.45 -128.92 23.43
213 158.37 -101.88 19.94
214 95.31 -48.40 13.30
215 70.20 -28.89 10.72
216 31.78 0.61 6.97
217 -36.43 56.60 0.09
218 -95.48 107.00 -5.54
219 -109.17 117.85 -6.72
220 -132.97 138.38 -8.64
221 -106.33 105.77 -5.69
222 -106.33 107.83 -4.75
223 -109.60 113.18 -4.49
224 -92.70 93.85 -2.65
225 -75.33 74.76 -0.82
226 -53.03 51.10 1.70
227 -23.34 17.11 5.32
228 -7.98 -5.80 7.54
229 -22.58 -3.53 6.49
230 -28.99 -8.38 6.18
231 -21.34 -22.84 7.13
232 26.94 -71.57 12.23
233 77.14 -115.33 16.86
234 72.71 -124.29 17.19
235 88.42 -127.31 17.81
236 39.59 -85.66 12.97
237 56.23 -110.64 15.42
238 36.97 -100.91 13.81
239 56.09 -125.79 16.57
240 62.53 -137.98 17.84
241 76.21 -155.45 19.76
242 108.18 -187.77 23.64
243 106.99 -189.72 23.86
244 102.37 -189.54 23.84
245 98.44 -189.30 23.53
246 80.99 -175.76 21.72
247 83.34 -176.54 21.89
248 85.43 -180.63 22.09
249 108.52 -203.67 24.61
250 104.86 -202.84 24.36
251 103.10 -201.34 23.84
252 28.73 -130.99 15.69
253 16.12 -119.51 14.18
254 3.21 -107.55 12.83
255 -16.33 -93.67 10.95
256 -30.64 -80.77 9.25
257 -63.46 -51.18 5.55
258 -104.54 -13.57 0.84
259 -160.84 39.38 -5.90
260 -178.93 56.13 -8.23
261 -216.04 92.37 -12.66
262 -225.32 103.88 -14.13
263 -253.97 135.35 -17.72
264 -248.53 129.78 -17.35
265 -310.70 190.57 -24.86
266 -309.60 192.99 -25.32
267 -326.59 210.71 -27.73
268 -341.49 226.25 -29.90
269 -374.99 257.84 -33.95
270 -389.68 272.28 -36.01
271 -424.17 307.88 -40.36
272 -439.06 322.73 -42.25
273 -445.15 329.77 -43.44
274 -478.61 361.92 -47.37
275 -503.53 385.87 -50.28
276 -504.38 385.60 -50.49
277 -539.85 419.73 -54.79
278 -543.91 424.41 -55.30
279 -569.58 453.61 -58.50
280 -574.07 464.95 -59.20
281 -600.22 495.97 -62.43
282 -626.87 531.32 -65.55
283 -644.35 561.15 -67.65
284 -666.44 597.72 -70.67
5 -27.14 22.47 -2.81
5 -27.14 22.47 -2.81
5 -27.14 22.47 -2.81
6 -6.72 0.98 -0.06
5 -27.14 22.47 -2.81
6 -6.72 0.98 -0.06
7 -8.93 -2.49 0.02
8 23.52 -29.60 3.37
9 -17.58 6.38 -1.20
10 -25.88 10.68 -1.97
11 -8.94 -3.37 -0.25
12 -6.41 -4.22 -0.08
13 -28.06 14.57 -2.46
14 -19.05 5.98 -1.40
15 -6.18 -7.51 0.06
16 -7.65 -5.70 -0.13
17 14.34 -26.60 2.22
18 8.90 -19.35 1.46
19 -104.00 89.98 -10.93
20 -132.60 122.90 -13.86
21 -206.08 194.41 -21.55
22 -230.44 219.23 -23.70
23 -206.88 196.29 -20.43
24 -234.50 219.32 -23.00
25 -227.53 204.82 -21.54
26 -178.33 155.55 -15.92
27 -159.07 133.09 -13.43
28 -88.57 64.99 -5.71
29 -76.61 51.52 -4.19
30 -40.85 15.43 -0.03
5 -27.14 22.47 -2.81
6 -6.72 0.98 -0.06
7 -8.93 -2.49 0.02
8 23.52 -29.60 3.37
9 -17.58 6.38 -1.20
10 -25.88 10.68 -1.97
