72.26 -250.32 1735.51
69.95 -251.07 1733.88
67.48 -251.68 1732.17
64.96 -252.10 1730.48
62.48 -252.31 1728.83
60.07 -252.33 1727.26
57.89 -252.15 1725.81
55.92 -251.81 1724.48
54.18 -251.35 1723.25
52.10 -250.52 1721.67
51.25 -250.05 1720.95
50.39 -249.49 1720.18
49.57 -248.85 1719.40
48.80 -248.18 1718.64
48.10 -247.50 1717.92
47.43 -246.76 1717.19
46.78 -246.01 1716.50
46.12 -245.19 1715.78
45.48 -244.34 1715.08
44.81 -243.40 1714.36
44.19 -242.38 1713.64
43.60 -241.26 1712.89
43.08 -240.03 1712.13
42.70 -238.70 1711.38
42.49 -237.25 1710.64
42.48 -235.70 1709.91
42.73 -234.05 1709.22
43.28 -232.31 1708.58
44.12 -230.52 1708.03
45.26 -228.68 1707.58
46.72 -226.81 1707.26
48.41 -224.94 1707.10
50.34 -223.09 1707.11
52.45 -221.27 1707.31
54.67 -219.52 1707.72
56.92 -217.84 1708.30
59.17 -216.22 1709.06
61.36 -214.72 1709.97
63.48 -213.30 1711.01
65.45 -211.95 1712.13
67.28 -210.68 1713.32
68.95 -209.47 1714.54
70.46 -208.33 1715.77
71.79 -207.23 1716.99
72.98 -206.15 1718.20
74.00 -205.08 1719.36
74.90 -204.03 1720.49
75.65 -202.98 1721.57
76.27 -201.94 1722.58
76.79 -200.93 1723.55
77.24 -199.94 1724.50
77.58 -198.99 1725.37
77.89 -198.13 1726.22
78.18 -197.34 1727.04
78.47 -196.67 1727.84
78.75 -196.09 1728.62
79.05 -195.64 1729.37
79.39 -195.30 1730.14
79.75 -195.07 1730.89
80.14 -194.92 1731.65
80.55 -194.84 1732.43
80.99 -194.85 1733.20
81.44 -194.92 1734.00
81.89 -195.03 1734.81
82.34 -195.18 1735.62
82.80 -195.38 1736.45
83.25 -195.60 1737.29
83.69 -195.87 1738.12
84.12 -196.17 1738.96
84.53 -196.48 1739.77
84.92 -196.82 1740.57
85.27 -197.18 1741.31
85.59 -197.56 1741.96
85.88 -197.93 1742.54
86.12 -198.33 1742.97
86.38 -198.83 1743.37
86.47 -199.07 1743.43
86.55 -199.32 1743.42
86.61 -199.58 1743.34
86.64 -199.82 1743.19
86.66 -200.03 1742.98
86.65 -200.23 1742.72
86.64 -200.42 1742.44
86.60 -200.58 1742.13
86.57 -200.75 1741.83
86.53 -200.90 1741.53
86.48 -201.06 1741.21
86.48 -201.06 1741.21
86.38 -201.35 1740.59
86.31 -201.56 1740.20
86.23 -201.74 1739.79
86.12 -201.93 1739.30
85.99 -202.17 1738.76
85.80 -202.39 1738.09
85.57 -202.63 1737.35
85.09 -203.02 1735.98
84.78 -203.17 1735.23
84.37 -203.38 1734.27
83.87 -203.56 1733.21
83.30 -203.71 1732.14
82.73 -203.81 1731.15
82.18 -203.87 1730.26
81.72 -203.85 1729.57
81.33 -203.81 1729.03
81.02 -203.74 1728.63
80.80 -203.65 1728.36
80.64 -203.56 1728.18
80.53 -203.46 1728.05
80.45 -203.37 1727.98
80.40 -203.28 1727.95
80.37 -203.19 1727.93
80.37 -203.19 1727.93
80.35 -203.05 1727.96
80.35 -202.97 1727.99
80.36 -202.91 1728.02
80.39 -202.84 1728.09
80.41 -202.80 1728.12
80.42 -202.76 1728.15
80.42 -202.76 1728.15
nan nan nan
18.68 -197.03 1779.45
18.79 -196.69 1779.51
19.08 -195.86 1779.61
19.22 -195.40 1779.67
19.41 -194.80 1779.73
19.62 -194.11 1779.78
19.82 -193.40 1779.84
20.02 -192.64 1779.87
20.22 -191.86 1779.89
20.42 -191.04 1779.88
20.61 -190.20 1779.86
20.79 -189.33 1779.81
20.97 -188.44 1779.73
21.13 -187.54 1779.63
21.13 -187.54 1779.63
21.39 -185.89 1779.38
21.54 -184.95 1779.17
21.66 -184.07 1778.94
21.78 -183.27 1778.69
21.90 -182.53 1778.39
22.02 -181.91 1778.07
22.16 -181.38 1777.72
22.31 -181.01 1777.36
22.49 -180.81 1776.99
22.70 -180.83 1776.62
22.94 -181.10 1776.23
23.35 -182.02 1775.68
23.53 -182.73 1775.45
23.74 -183.75 1775.16
23.91 -185.03 1774.87
24.00 -186.54 1774.56
23.98 -188.17 1774.27
23.76 -190.48 1773.91
23.60 -191.45 1773.77
23.37 -192.50 1773.63
23.13 -193.47 1773.50
22.88 -194.28 1773.41
22.67 -194.91 1773.33
22.49 -195.37 1773.30
22.37 -195.67 1773.28
22.30 -195.83 1773.28
22.27 -195.89 1773.29
22.29 -195.84 1773.31
22.34 -195.71 1773.32
22.42 -195.51 1773.33
22.42 -195.51 1773.33
22.61 -195.05 1773.33
22.75 -194.70 1773.32
22.91 -194.34 1773.28
23.07 -193.95 1773.23
23.23 -193.56 1773.15
23.39 -193.17 1773.05
23.55 -192.81 1772.92
23.69 -192.47 1772.78
23.83 -192.18 1772.60
23.96 -191.95 1772.41
24.07 -191.80 1772.19
24.16 -191.74 1771.96
24.24 -191.78 1771.70
24.28 -191.94 1771.44
24.29 -192.22 1771.17
24.26 -192.62 1770.90
24.18 -193.14 1770.62
24.05 -193.78 1770.35
23.86 -194.49 1770.11
23.61 -195.26 1769.89
23.16 -196.41 1769.61
22.92 -196.94 1769.50
22.62 -197.53 1769.39
22.31 -198.11 1769.31
22.00 -198.63 1769.23
21.74 -199.06 1769.16
21.51 -199.40 1769.12
21.33 -199.66 1769.10
21.20 -199.83 1769.07
21.13 -199.93 1769.06
21.12 -199.96 1769.04
21.15 -199.92 1769.01
21.24 -199.81 1768.99
21.36 -199.65 1768.95
21.53 -199.44 1768.89
21.53 -199.44 1768.89
21.90 -198.93 1768.76
22.15 -198.56 1768.65
22.42 -198.16 1768.52
22.68 -197.73 1768.37
22.95 -197.27 1768.20
23.20 -196.80 1768.01
23.66 -195.86 1767.59
23.84 -195.42 1767.37
24.05 -194.88 1767.06
24.12 -194.68 1766.92
24.19 -194.49 1766.78
24.23 -194.36 1766.65
24.25 -194.29 1766.56
24.25 -194.31 1766.50
24.22 -194.42 1766.49
24.16 -194.60 1766.53
24.08 -194.87 1766.62
23.96 -195.19 1766.78
23.81 -195.56 1766.98
23.64 -195.96 1767.23
23.43 -196.37 1767.51
23.21 -196.76 1767.83
22.97 -197.13 1768.15
22.73 -197.47 1768.49
22.49 -197.75 1768.81
22.27 -197.99 1769.14
22.06 -198.18 1769.44
21.88 -198.32 1769.71
21.73 -198.42 1769.96
21.60 -198.47 1770.19
21.51 -198.49 1770.39
21.46 -198.47 1770.55
21.44 -198.42 1770.68
21.45 -198.35 1770.78
21.50 -198.25 1770.85
21.57 -198.12 1770.87
21.68 -197.98 1770.85
21.81 -197.82 1770.80
21.96 -197.65 1770.69
22.14 -197.46 1770.54
22.32 -197.26 1770.34
22.52 -197.05 1770.08
22.72 -196.84 1769.77
22.90 -196.64 1769.40
23.06 -196.45 1769.00
23.20 -196.28 1768.55
23.29 -196.14 1768.08
23.35 -196.04 1767.61
23.35 -195.98 1766.95
23.32 -195.99 1766.65
23.26 -196.04 1766.34
23.18 -196.11 1766.03
23.09 -196.22 1765.76
22.98 -196.36 1765.54
22.86 -196.52 1765.36
22.74 -196.70 1765.23
22.62 -196.88 1765.15
22.50 -197.07 1765.11
22.38 -197.26 1765.10
22.27 -197.45 1765.12
22.17 -197.64 1765.18
22.07 -197.81 1765.25
21.97 -197.97 1765.34
21.89 -198.11 1765.45
21.81 -198.24 1765.57
21.74 -198.35 1765.70
21.69 -198.45 1765.84
21.64 -198.53 1765.98
21.60 -198.59 1766.12
21.57 -198.63 1766.26
21.55 -198.66 1766.40
21.55 -198.67 1766.53
21.55 -198.66 1766.65
21.57 -198.64 1766.76
21.60 -198.61 1766.86
21.63 -198.57 1766.95
21.67 -198.52 1767.02
21.72 -198.45 1767.08
21.77 -198.39 1767.13
21.83 -198.32 1767.16
21.88 -198.24 1767.17
21.93 -198.18 1767.17
21.98 -198.11 1767.17
22.01 -198.06 1767.15
22.04 -198.01 1767.13
22.07 -197.97 1767.11
22.09 -197.93 1767.08
22.10 -197.92 1767.06
22.10 -197.91 1767.05
22.11 -197.90 1767.04
22.11 -197.90 1767.03
22.11 -197.90 1767.02
22.11 -197.90 1767.02
109.88 -171.17 1732.89
110.20 -172.02 1732.12
110.46 -172.77 1731.40
110.65 -173.40 1730.71
110.76 -173.87 1730.02
110.79 -174.16 1729.33
110.72 -174.23 1728.67
110.56 -174.06 1728.01
110.27 -173.58 1727.35
109.84 -172.79 1726.70
109.23 -171.66 1726.05
108.42 -170.19 1725.42
107.40 -168.43 1724.86
106.14 -166.40 1724.38
104.69 -164.27 1724.02
103.13 -162.16 1723.80
101.61 -160.26 1723.73
100.29 -158.71 1723.83
99.29 -157.60 1723.95
98.66 -156.88 1724.19
98.43 -156.58 1724.40
98.57 -156.65 1724.62
98.99 -157.02 1724.79
99.69 -157.70 1724.96
100.59 -158.64 1725.07
101.73 -159.93 1725.15
102.98 -161.50 1725.17
104.38 -163.41 1725.19
105.87 -165.74 1725.14
107.40 -168.51 1725.07
108.90 -171.78 1724.97
110.30 -175.61 1724.88
111.45 -180.05 1724.76
112.22 -185.06 1724.71
112.43 -190.48 1724.68
112.00 -196.05 1724.77
110.32 -203.52 1725.03
109.28 -206.48 1725.19
108.02 -209.43 1725.38
106.77 -211.90 1725.61
105.76 -213.67 1725.81
105.10 -214.73 1725.96
104.89 -215.09 1726.10
105.08 -214.83 1726.17
105.62 -214.02 1726.24
106.44 -212.71 1726.30
107.43 -210.96 1726.35
108.49 -208.85 1726.43
109.52 -206.48 1726.52
110.43 -203.97 1726.65
111.19 -201.44 1726.81
111.77 -198.97 1726.97
111.77 -198.97 1726.97
112.42 -194.61 1727.32
112.58 -192.52 1727.53
112.63 -190.71 1727.70
112.62 -189.13 1727.89
112.55 -187.74 1728.03
112.45 -186.50 1728.19
112.28 -184.98 1728.37
112.21 -184.42 1728.46
112.07 -183.56 1728.56
nan nan nan
93.36 -198.52 1752.30
93.36 -198.52 1752.30
93.36 -198.52 1752.30
92.77 -198.17 1753.23
92.87 -198.57 1753.20
93.22 -199.58 1752.94
93.44 -200.18 1752.75
93.70 -200.99 1752.49
93.98 -201.94 1752.19
94.29 -203.01 1751.80
94.59 -204.19 1751.35
94.59 -204.19 1751.35
95.11 -206.67 1750.32
95.35 -208.25 1749.60
95.55 -209.96 1748.74
95.67 -211.78 1747.76
95.70 -213.69 1746.63
95.60 -215.65 1745.39
95.41 -217.56 1744.01
95.09 -219.38 1742.58
94.71 -220.98 1741.13
94.30 -222.33 1739.73
93.95 -223.33 1738.43
93.68 -224.01 1737.29
93.55 -224.33 1736.35
93.57 -224.32 1735.60
93.88 -223.75 1734.85
94.13 -223.28 1734.64
94.46 -222.63 1734.46
94.82 -221.88 1734.34
95.17 -221.09 1734.25
95.50 -220.31 1734.20
95.78 -219.60 1734.13
95.99 -219.02 1734.03
96.13 -218.61 1733.88
96.20 -218.38 1733.66
96.20 -218.35 1733.33
96.10 -218.55 1732.92
95.93 -218.92 1732.41
95.65 -219.50 1731.80
95.28 -220.24 1731.11
94.79 -221.11 1730.34
94.20 -222.06 1729.53
93.53 -223.03 1728.70
92.78 -223.99 1727.87
92.03 -224.86 1727.10
91.30 -225.61 1726.39
90.64 -226.23 1725.76
90.09 -226.69 1725.22
89.67 -226.98 1724.78
89.40 -227.12 1724.42
89.28 -227.12 1724.14
89.28 -226.99 1723.93
89.41 -226.74 1723.79
89.65 -226.38 1723.70
89.97 -225.93 1723.66
90.34 -225.42 1723.66
90.73 -224.87 1723.69
91.12 -224.30 1723.73
91.47 -223.76 1723.78
91.79 -223.25 1723.83
92.03 -222.84 1723.86
92.20 -222.52 1723.85
92.28 -222.35 1723.82
92.25 -222.33 1723.73
92.13 -222.45 1723.61
91.91 -222.74 1723.45
91.58 -223.17 1723.26
91.16 -223.71 1723.05
90.66 -224.33 1722.82
90.10 -224.99 1722.60
89.51 -225.65 1722.40
88.92 -226.26 1722.22
88.37 -226.82 1722.07
87.86 -227.28 1721.93
87.45 -227.65 1721.82
87.12 -227.91 1721.72
86.90 -228.07 1721.63
86.78 -228.12 1721.54
86.77 -228.07 1721.44
86.85 -227.92 1721.35
87.02 -227.69 1721.25
87.26 -227.35 1721.13
87.56 -226.95 1721.02
87.91 -226.46 1720.90
88.28 -225.91 1720.76
88.65 -225.33 1720.64
89.01 -224.72 1720.51
89.33 -224.13 1720.38
89.60 -223.59 1720.27
89.81 -223.12 1720.17
89.96 -222.74 1720.07
90.04 -222.49 1719.99
90.07 -222.35 1719.92
90.05 -222.35 1719.88
89.98 -222.45 1719.86
89.84 -222.76 1719.90
89.76 -222.96 1719.95
89.66 -223.22 1720.03
89.57 -223.48 1720.14
89.50 -223.74 1720.27
89.45 -223.96 1720.42
89.45 -224.14 1720.59
89.48 -224.26 1720.77
89.48 -224.26 1720.77
89.63 -224.34 1721.11
89.81 -224.25 1721.30
90.02 -224.06 1721.45
90.27 -223.78 1721.59
90.55 -223.42 1721.72
90.84 -223.00 1721.82
91.13 -222.50 1721.89
91.39 -221.97 1721.93
91.73 -221.15 1721.93
91.84 -220.77 1721.88
91.94 -220.36 1721.79
92.00 -219.99 1721.67
92.01 -219.70 1721.52
91.97 -219.50 1721.33
91.87 -219.43 1721.10
91.72 -219.48 1720.85
91.53 -219.64 1720.58
91.28 -219.92 1720.31
90.99 -220.28 1720.04
90.66 -220.72 1719.78
90.30 -221.20 1719.54
89.89 -221.72 1719.32
89.47 -222.23 1719.14
89.03 -222.73 1718.97
88.57 -223.21 1718.82
88.12 -223.65 1718.69
87.66 -224.03 1718.56
87.21 -224.37 1718.44
86.77 -224.66 1718.31
86.32 -224.90 1718.17
85.89 -225.08 1718.01
85.45 -225.21 1717.84
85.01 -225.29 1717.64
84.56 -225.32 1717.41
84.10 -225.30 1717.17
83.63 -225.24 1716.92
83.17 -225.14 1716.67
82.71 -225.01 1716.42
82.28 -224.87 1716.21
81.89 -224.74 1716.03
81.55 -224.64 1715.90
81.17 -224.57 1715.80
81.04 -224.58 1715.80
80.91 -224.61 1715.81
80.82 -224.67 1715.84
80.82 -224.67 1715.84
80.69 -224.82 1715.94
80.66 -224.93 1716.01
80.66 -225.04 1716.09
80.66 -225.14 1716.17
80.67 -225.25 1716.26
80.69 -225.35 1716.34
80.71 -225.44 1716.41
80.73 -225.52 1716.49
80.75 -225.60 1716.56
80.77 -225.67 1716.62
80.79 -225.73 1716.68
80.81 -225.79 1716.74
80.83 -225.84 1716.79
80.86 -225.92 1716.86
74.02 -216.49 1724.66
31.89 -191.62 1735.73
31.71 -192.14 1735.74
31.64 -192.38 1735.73
31.58 -192.66 1735.71
31.53 -192.95 1735.68
31.50 -193.20 1735.63
31.48 -193.43 1735.58
31.48 -193.60 1735.52
31.49 -193.73 1735.45
31.50 -193.82 1735.38
31.51 -193.88 1735.31
31.53 -193.90 1735.25
31.55 -193.91 1735.18
31.57 -193.90 1735.11
31.59 -193.88 1735.05
31.61 -193.85 1734.98
31.63 -193.81 1734.92
31.65 -193.76 1734.86
31.68 -193.72 1734.80
31.71 -193.67 1734.73
31.74 -193.62 1734.67
31.77 -193.58 1734.60
31.81 -193.54 1734.53
31.85 -193.50 1734.46
31.89 -193.46 1734.39
31.94 -193.44 1734.31
31.99 -193.41 1734.24
32.05 -193.40 1734.16
32.11 -193.39 1734.08
32.17 -193.39 1734.00
32.24 -193.40 1733.93
32.31 -193.42 1733.86
32.37 -193.44 1733.81
32.43 -193.47 1733.76
32.48 -193.49 1733.73
32.53 -193.53 1733.70
32.55 -193.54 1733.70
32.56 -193.54 1733.70
32.56 -193.54 1733.70
83.68 -235.84 1718.03
84.51 -235.29 1718.78
85.29 -234.79 1719.57
86.01 -234.33 1720.41
86.01 -234.33 1720.41
87.22 -233.54 1721.99
87.78 -233.16 1722.81
88.26 -232.85 1723.56
88.67 -232.55 1724.24
89.02 -232.29 1724.83
89.33 -232.04 1725.34
89.62 -231.77 1725.75
89.85 -231.53 1726.04
90.09 -231.24 1726.18
90.29 -230.95 1726.24
90.51 -230.59 1726.15
90.74 -230.16 1725.90
90.97 -229.66 1725.55
91.40 -228.68 1724.82
91.64 -228.09 1724.37
91.96 -227.29 1723.84
92.32 -226.33 1723.25
92.74 -225.21 1722.64
93.19 -223.96 1722.08
93.64 -222.66 1721.63
94.11 -221.32 1721.27
94.55 -220.00 1721.03
94.98 -218.73 1720.95
95.35 -217.57 1720.90
95.70 -216.48 1720.95
96.01 -215.50 1721.07
96.27 -214.63 1721.18
96.49 -213.86 1721.29
96.68 -213.18 1721.41
96.82 -212.61 1721.49
96.93 -212.10 1721.53
97.00 -211.70 1721.49
97.03 -211.37 1721.39
97.02 -211.12 1721.19
96.96 -210.95 1720.89
96.84 -210.86 1720.46
96.84 -210.86 1720.46
96.51 -210.85 1719.45
96.17 -211.03 1718.57
89.82 -215.84 1708.39
89.68 -216.23 1708.37
90.53 -215.93 1709.50
91.52 -215.56 1710.91
92.52 -215.17 1712.48
93.45 -214.79 1714.11
94.29 -214.44 1715.73
95.31 -214.03 1717.99
95.70 -213.90 1718.99
96.14 -213.89 1720.31
96.54 -214.01 1721.78
96.87 -214.22 1723.25
97.11 -214.53 1724.66
97.26 -214.91 1725.95
97.33 -215.36 1727.13
97.31 -216.17 1728.63
97.24 -216.64 1729.26
97.13 -217.23 1729.97
96.95 -217.94 1730.67
96.72 -218.74 1731.34
96.43 -219.63 1731.94
96.07 -220.60 1732.47
95.64 -221.66 1732.93
95.13 -222.81 1733.32
94.21 -224.68 1733.74
93.67 -225.66 1733.87
92.96 -226.90 1733.98
92.07 -228.31 1734.04
91.00 -229.85 1734.04
89.76 -231.49 1733.96
88.32 -233.20 1733.80
85.88 -235.72 1733.39
84.55 -236.93 1733.12
82.95 -238.24 1732.68
81.64 -239.21 1731.91
80.53 -239.92 1730.87
79.47 -240.50 1729.62
78.00 -241.08 1727.43
77.31 -241.24 1726.20
76.46 -241.34 1724.60
75.48 -241.31 1722.68
74.43 -241.09 1720.52
73.40 -240.64 1718.24
73.83 -240.03 1717.35
75.34 -239.50 1717.82
76.91 -238.98 1718.61
78.56 -238.47 1719.75
80.19 -237.95 1721.22
81.75 -237.42 1722.99
83.16 -236.87 1725.01
84.35 -236.33 1727.18
85.26 -235.83 1729.34
85.94 -235.34 1731.55
86.36 -234.91 1733.66
86.55 -234.55 1735.61
86.54 -234.30 1737.31
86.39 -234.15 1738.75
86.14 -234.12 1739.83
85.85 -234.18 1740.65
85.56 -234.32 1741.15
85.31 -234.50 1741.34
85.13 -234.71 1741.25
85.03 -234.92 1740.92
85.07 -235.07 1740.34
85.23 -235.13 1739.55
85.50 -235.10 1738.59
85.91 -234.92 1737.48
86.75 -234.31 1735.71
87.24 -233.85 1734.82
87.84 -233.21 1733.78
88.50 -232.42 1732.72
89.16 -231.52 1731.72
89.79 -230.55 1730.81
90.36 -229.59 1730.02
90.85 -228.68 1729.37
91.26 -227.84 1728.85
91.58 -227.14 1728.43
91.81 -226.59 1728.10
91.96 -226.21 1727.85
92.03 -226.00 1727.64
92.01 -225.98 1727.48
91.90 -226.13 1727.32
91.71 -226.45 1727.16
91.42 -226.94 1727.00
91.03 -227.58 1726.82
90.55 -228.34 1726.61
89.95 -229.21 1726.37
89.24 -230.15 1726.10
88.45 -231.10 1725.79
87.58 -232.06 1725.44
86.65 -232.97 1725.05
85.71 -233.79 1724.63
84.78 -234.50 1724.17
83.90 -235.08 1723.69
83.11 -235.51 1723.16
82.42 -235.81 1722.60
81.84 -235.97 1722.01
81.38 -236.00 1721.39
81.05 -235.90 1720.74
80.81 -235.70 1720.06
80.68 -235.38 1719.36
80.59 -234.99 1718.65
80.57 -234.52 1717.93
80.57 -234.01 1717.22
80.58 -233.45 1716.53
80.57 -232.90 1715.87
80.52 -232.36 1715.25
80.43 -231.87 1714.67
80.28 -231.46 1714.16
80.07 -231.13 1713.70
79.79 -230.90 1713.30
79.45 -230.80 1712.98
79.04 -230.82 1712.73
78.57 -230.98 1712.56
78.05 -231.27 1712.49
77.48 -231.68 1712.52
76.85 -232.21 1712.65
76.20 -232.85 1712.92
75.53 -233.58 1713.32
74.85 -234.36 1713.85
74.17 -235.19 1714.53
73.55 -236.01 1715.33
72.97 -236.81 1716.24
72.48 -237.53 1717.21
71.98 -238.42 1718.66
71.84 -238.76 1719.33
71.74 -239.11 1720.08
71.72 -239.39 1720.80
71.78 -239.61 1721.44
71.92 -239.76 1721.96
72.13 -239.84 1722.34
72.39 -239.86 1722.56
72.70 -239.83 1722.65
73.02 -239.74 1722.59
73.36 -239.62 1722.41
73.70 -239.45 1722.12
74.01 -239.23 1721.72
74.30 -238.99 1721.24
74.55 -238.71 1720.71
74.75 -238.40 1720.13
74.91 -238.07 1719.54
75.00 -237.74 1718.95
75.04 -237.41 1718.38
75.03 -237.10 1717.84
74.98 -236.81 1717.36
74.89 -236.56 1716.95
74.76 -236.36 1716.60
74.61 -236.21 1716.32
74.45 -236.12 1716.13
74.28 -236.08 1716.02
74.12 -236.11 1715.98
73.96 -236.19 1716.02
73.82 -236.32 1716.12
73.72 -236.48 1716.30
73.64 -236.68 1716.54
73.60 -236.88 1716.81
73.60 -237.09 1717.12
73.66 -237.28 1717.44
73.76 -237.44 1717.76
73.91 -237.57 1718.05
74.10 -237.66 1718.30
74.34 -237.69 1718.50
74.62 -237.67 1718.64
74.94 -237.60 1718.72
75.27 -237.47 1718.72
75.63 -237.29 1718.64
76.00 -237.05 1718.51
76.38 -236.75 1718.31
76.75 -236.40 1718.05
77.10 -236.00 1717.77
77.43 -235.56 1717.44
77.73 -235.08 1717.10
77.98 -234.59 1716.75
78.18 -234.10 1716.41
78.33 -233.62 1716.09
78.43 -233.17 1715.79
78.48 -232.78 1715.53
78.49 -232.43 1715.29
78.44 -232.17 1715.09
78.38 -231.97 1714.92
78.29 -231.86 1714.78
78.18 -231.81 1714.67
78.04 -231.84 1714.59
77.91 -231.93 1714.55
77.76 -232.09 1714.54
77.62 -232.27 1714.56
77.47 -232.50 1714.61
77.35 -232.75 1714.70
77.24 -232.99 1714.81
77.17 -233.21 1714.93
77.13 -233.42 1715.07
77.12 -233.58 1715.20
77.17 -233.70 1715.34
77.26 -233.77 1715.46
77.39 -233.79 1715.56
77.56 -233.76 1715.66
77.76 -233.67 1715.73
77.99 -233.54 1715.79
78.23 -233.36 1715.84
78.47 -233.15 1715.88
78.71 -232.91 1715.92
78.94 -232.66 1715.95
79.13 -232.42 1715.99
79.30 -232.19 1716.02
79.44 -231.98 1716.05
79.55 -231.81 1716.07
79.62 -231.68 1716.09
79.67 -231.60 1716.11
79.69 -231.57 1716.11
79.69 -231.59 1716.12
79.65 -231.67 1716.11
79.58 -231.80 1716.10
79.48 -231.98 1716.09
79.33 -232.23 1716.08
79.12 -232.52 1716.08
78.71 -233.01 1716.11
78.45 -233.26 1716.13
78.12 -233.54 1716.19
77.74 -233.79 1716.26
77.35 -234.00 1716.34
77.00 -234.14 1716.42
76.59 -234.24 1716.49
76.45 -234.25 1716.50
76.32 -234.25 1716.49
76.21 -234.23 1716.46
76.14 -234.19 1716.41
76.10 -234.14 1716.33
76.09 -234.08 1716.25
76.11 -234.01 1716.15
76.15 -233.93 1716.04
76.21 -233.83 1715.94
76.32 -233.67 1715.80
76.37 -233.60 1715.75
76.43 -233.52 1715.71
76.48 -233.45 1715.67
76.51 -233.40 1715.66
76.54 -233.37 1715.65
76.55 -233.35 1715.64
76.55 -233.35 1715.64
76.55 -233.35 1715.64
76.55 -233.35 1715.64
82.67 -180.33 1889.25
82.75 -181.14 1888.76
82.81 -182.00 1888.24
82.85 -182.91 1887.69
82.87 -183.84 1887.13
82.87 -184.78 1886.57
82.85 -185.73 1886.02
82.80 -186.63 1885.50
82.74 -187.45 1885.02
82.67 -188.17 1884.63
82.61 -188.75 1884.30
82.53 -189.33 1884.02
82.51 -189.49 1883.95
82.50 -189.58 1883.91
82.49 -189.62 1883.91
82.50 -189.58 1883.94
82.51 -189.51 1883.98
82.52 -189.41 1884.03
82.53 -189.29 1884.08
82.55 -189.21 1884.13
82.56 -189.12 1884.13
82.57 -189.10 1884.10
82.57 -189.12 1884.05
82.56 -189.20 1883.96
82.55 -189.33 1883.84
82.53 -189.52 1883.67
82.49 -189.80 1883.47
82.44 -190.12 1883.24
82.44 -190.12 1883.24
82.31 -190.94 1882.67
82.22 -191.45 1882.35
82.09 -192.09 1881.98
81.93 -192.77 1881.57
81.76 -193.49 1881.16
81.54 -194.30 1880.72
81.31 -195.11 1880.32
81.04 -195.97 1879.89
80.62 -197.18 1879.36
80.41 -197.74 1879.15
80.17 -198.38 1878.92
79.92 -199.00 1878.76
79.69 -199.56 1878.64
79.48 -200.05 1878.59
79.30 -200.46 1878.62
79.15 -200.82 1878.78
79.15 -200.82 1878.78
79.02 -201.13 1879.15
79.02 -201.14 1879.50
79.02 -201.14 1879.50
79.05 -201.08 1880.11
79.10 -200.97 1880.51
79.15 -200.85 1880.91
79.15 -200.85 1880.91
79.14 -200.82 1881.75
79.06 -200.94 1882.47
79.06 -200.94 1882.47
78.88 -201.16 1883.49
78.74 -201.34 1884.14
78.74 -201.34 1884.14
78.52 -201.60 1885.02
78.36 -201.79 1885.56
78.36 -201.79 1885.56
78.11 -202.09 1886.28
77.94 -202.30 1886.71
77.94 -202.30 1886.71
77.67 -202.62 1887.28
77.49 -202.86 1887.62
77.49 -202.86 1887.62
77.21 -203.21 1888.05
77.02 -203.47 1888.30
77.02 -203.47 1888.30
76.74 -203.85 1888.60
76.54 -204.14 1888.77
76.54 -204.14 1888.77
76.25 -204.55 1888.95
76.05 -204.86 1889.04
76.05 -204.86 1889.04
75.75 -205.32 1889.11
75.54 -205.66 1889.11
75.54 -205.66 1889.11
75.23 -206.14 1889.07
75.23 -206.14 1889.07
74.86 -206.74 1888.95
74.64 -207.09 1888.84
74.64 -207.09 1888.84
74.28 -207.67 1888.60
74.06 -208.04 1888.41
74.06 -208.04 1888.41
73.67 -208.66 1888.06
73.42 -209.05 1887.79
73.42 -209.05 1887.79
72.99 -209.70 1887.31
72.71 -210.11 1886.98
72.43 -210.52 1886.61
72.43 -210.52 1886.61
71.98 -211.14 1886.02
71.63 -211.59 1885.55
71.63 -211.59 1885.55
71.10 -212.24 1884.82
70.71 -212.69 1884.26
70.71 -212.69 1884.26
70.10 -213.34 1883.40
69.66 -213.77 1882.78
69.66 -213.77 1882.78
68.97 -214.39 1881.80
68.48 -214.78 1881.12
68.48 -214.78 1881.12
67.70 -215.35 1880.04
67.28 -215.63 1879.39
67.28 -215.63 1879.39
67.61 -215.36 1879.21
68.21 -214.92 1879.63
68.21 -214.92 1879.63
69.25 -214.12 1880.68
69.84 -213.62 1881.52
70.33 -213.15 1882.37
70.33 -213.15 1882.37
70.81 -212.64 1883.38
71.10 -212.26 1884.15
71.29 -211.98 1884.84
71.41 -211.76 1885.41
71.46 -211.62 1885.91
71.46 -211.52 1886.33
71.41 -211.50 1886.67
71.33 -211.53 1886.93
71.21 -211.60 1887.12
71.06 -211.73 1887.23
70.90 -211.88 1887.27
70.73 -212.07 1887.24
70.53 -212.30 1887.12
70.53 -212.30 1887.12
70.15 -212.75 1886.77
69.94 -213.02 1886.46
69.77 -213.25 1886.07
69.55 -213.56 1885.40
69.49 -213.67 1885.03
69.45 -213.76 1884.59
69.45 -213.81 1884.11
69.51 -213.80 1883.62
69.62 -213.72 1883.14
69.80 -213.58 1882.69
70.02 -213.39 1882.28
70.29 -213.14 1881.93
70.58 -212.85 1881.62
70.89 -212.53 1881.37
71.21 -212.20 1881.16
71.51 -211.87 1881.00
71.79 -211.55 1880.85
72.04 -211.26 1880.73
72.26 -210.99 1880.62
72.43 -210.77 1880.50
72.57 -210.59 1880.38
72.67 -210.46 1880.23
72.72 -210.36 1880.07
72.73 -210.33 1879.87
72.69 -210.34 1879.64
72.61 -210.40 1879.38
72.48 -210.51 1879.09
72.29 -210.67 1878.76
72.06 -210.86 1878.39
71.77 -211.09 1877.99
71.43 -211.36 1877.57
71.04 -211.64 1877.13
70.61 -211.94 1876.69
70.15 -212.24 1876.25
69.67 -212.53 1875.83
69.19 -212.81 1875.45
68.74 -213.06 1875.12
68.32 -213.28 1874.84
67.95 -213.47 1874.63
67.66 -213.63 1874.50
67.44 -213.76 1874.43
67.31 -213.85 1874.44
67.26 -213.92 1874.51
67.28 -213.95 1874.64
67.37 -213.97 1874.82
67.52 -213.95 1875.05
67.72 -213.91 1875.29
67.94 -213.85 1875.58
68.19 -213.76 1875.87
68.45 -213.66 1876.17
68.72 -213.54 1876.47
68.97 -213.42 1876.76
69.22 -213.28 1877.01
69.45 -213.15 1877.26
69.64 -213.02 1877.46
69.82 -212.90 1877.62
69.96 -212.79 1877.75
70.08 -212.70 1877.83
70.16 -212.63 1877.86
70.21 -212.57 1877.83
70.22 -212.54 1877.76
70.21 -212.53 1877.64
70.15 -212.55 1877.47
70.06 -212.58 1877.26
69.95 -212.62 1877.01
69.80 -212.68 1876.73
69.63 -212.74 1876.43
69.44 -212.81 1876.13
69.23 -212.87 1875.82
69.03 -212.93 1875.52
68.82 -212.98 1875.24
68.62 -213.04 1874.99
68.44 -213.07 1874.77
68.28 -213.11 1874.59
68.15 -213.14 1874.44
68.03 -213.17 1874.33
67.95 -213.19 1874.26
67.89 -213.21 1874.22
67.85 -213.24 1874.22
67.83 -213.26 1874.23
67.82 -213.29 1874.28
67.83 -213.32 1874.35
67.85 -213.35 1874.44
67.87 -213.39 1874.56
67.90 -213.43 1874.68
67.92 -213.48 1874.82
67.94 -213.53 1874.97
67.95 -213.59 1875.12
67.95 -213.65 1875.29
67.92 -213.77 1875.54
67.92 -213.77 1875.54
67.84 -213.91 1875.81
67.78 -213.98 1875.91
67.71 -214.06 1876.03
67.62 -214.14 1876.14
67.52 -214.23 1876.24
67.41 -214.31 1876.32
67.30 -214.40 1876.40
67.18 -214.47 1876.45
67.06 -214.54 1876.50
66.95 -214.61 1876.53
66.85 -214.66 1876.55
66.75 -214.71 1876.57
66.66 -214.75 1876.57
66.58 -214.79 1876.58
66.51 -214.82 1876.57
66.45 -214.85 1876.58
66.40 -214.87 1876.57
66.35 -214.89 1876.57
66.32 -214.90 1876.56
66.28 -214.91 1876.56
66.26 -214.92 1876.56
66.24 -214.93 1876.55
66.22 -214.94 1876.55
66.20 -214.94 1876.55
66.19 -214.95 1876.55
66.18 -214.95 1876.55
66.17 -214.95 1876.55
66.16 -214.96 1876.55
66.15 -214.96 1876.54
66.14 -214.96 1876.54
66.14 -214.96 1876.54
66.13 -214.97 1876.54
66.12 -214.97 1876.54
66.12 -214.97 1876.54
66.11 -214.97 1876.53
66.11 -214.97 1876.53
66.10 -214.97 1876.53
66.10 -214.97 1876.53
66.10 -214.97 1876.53
66.09 -214.98 1876.52
66.09 -214.98 1876.52
66.09 -214.98 1876.52
66.09 -214.98 1876.52
66.08 -214.98 1876.52
66.08 -214.98 1876.52
66.08 -214.98 1876.52
66.08 -214.98 1876.52
66.07 -214.98 1876.52
66.07 -214.98 1876.52
66.07 -214.98 1876.52
66.07 -214.98 1876.52
66.07 -214.98 1876.52
66.07 -214.98 1876.52
66.07 -214.98 1876.52
66.07 -214.98 1876.52
81.24 -177.24 1891.02
81.24 -177.24 1891.02
81.41 -178.24 1890.40
81.51 -178.89 1889.98
81.60 -179.57 1889.54
81.69 -180.32 1889.08
81.76 -181.12 1888.59
81.82 -181.97 1888.08
81.86 -182.86 1887.54
81.88 -183.77 1887.00
81.88 -184.69 1886.44
81.86 -185.62 1885.91
81.81 -186.51 1885.40
81.75 -187.32 1884.93
81.69 -188.02 1884.55
81.63 -188.59 1884.21
81.55 -189.16 1883.95
81.53 -189.31 1883.87
81.52 -189.40 1883.84
81.51 -189.44 1883.84
81.51 -189.41 1883.86
81.52 -189.33 1883.90
81.54 -189.24 1883.96
81.55 -189.12 1884.00
81.56 -189.04 1884.05
81.58 -188.96 1884.05
81.58 -188.94 1884.02
81.59 -188.95 1883.97
81.58 -189.03 1883.88
81.57 -189.16 1883.76
81.54 -189.34 1883.60
81.51 -189.62 1883.40
81.46 -189.94 1883.17
81.46 -189.94 1883.17
81.33 -190.73 1882.62
81.24 -191.24 1882.31
81.11 -191.87 1881.94
80.96 -192.53 1881.55
80.79 -193.24 1881.14
80.58 -194.03 1880.71
80.35 -194.83 1880.32
80.09 -195.67 1879.89
79.68 -196.84 1879.38
79.47 -197.40 1879.17
79.23 -198.02 1878.95
78.99 -198.63 1878.79
78.77 -199.17 1878.67
78.56 -199.66 1878.62
78.39 -200.06 1878.65
78.26 -200.34 1878.76
78.18 -200.53 1878.93
78.13 -200.67 1879.13
78.12 -200.71 1879.41
78.12 -200.71 1879.72
78.14 -200.66 1880.04
78.18 -200.57 1880.38
78.22 -200.49 1880.74
78.27 -200.37 1881.10
78.30 -200.29 1881.46
78.33 -200.19 1881.80
78.34 -200.12 1882.15
78.34 -200.08 1882.48
78.34 -200.03 1882.79
78.32 -200.03 1883.10
78.30 -200.04 1883.38
78.26 -200.07 1883.64
78.22 -200.11 1883.88
78.18 -200.15 1884.11
78.14 -200.21 1884.31
78.11 -200.23 1884.48
78.09 -200.25 1884.60
78.08 -200.24 1884.72
78.09 -200.20 1884.81
78.17 -200.00 1884.84
78.24 -199.84 1884.81
78.44 -199.42 1884.69
78.58 -199.11 1884.56
78.78 -198.66 1884.38
79.23 -197.61 1883.88
79.17 -197.74 1884.02
78.59 -198.98 1884.92
78.21 -199.72 1885.44
77.69 -200.68 1886.10
76.80 -202.13 1887.09
76.38 -202.76 1887.51
75.53 -203.94 1888.27
75.12 -204.48 1888.61
74.57 -205.17 1889.03
73.69 -206.21 1889.64
73.29 -206.65 1889.88
72.51 -207.50 1890.32
72.13 -207.90 1890.51
71.64 -208.39 1890.73
70.86 -209.16 1891.03
70.51 -209.50 1891.15
70.05 -209.93 1891.27
69.54 -210.52 1891.10
69.43 -210.75 1890.80
69.17 -211.23 1890.18
69.03 -211.48 1889.83
68.84 -211.81 1889.35
68.48 -212.38 1888.51
68.30 -212.65 1888.07
67.93 -213.18 1887.14
67.73 -213.45 1886.63
67.46 -213.80 1885.90
67.05 -214.26 1884.87
66.74 -214.59 1883.99
66.45 -214.86 1883.11
66.17 -215.10 1882.25
65.97 -215.24 1881.41
65.81 -215.33 1880.65
65.78 -215.32 1880.01
65.95 -215.15 1879.37
66.16 -214.99 1879.24
66.47 -214.76 1879.20
66.88 -214.47 1879.34
67.37 -214.11 1879.64
67.91 -213.71 1880.09
68.45 -213.28 1880.70
68.97 -212.85 1881.38
69.42 -212.43 1882.11
69.81 -212.02 1882.86
70.12 -211.67 1883.58
70.35 -211.36 1884.24
70.50 -211.12 1884.86
70.60 -210.92 1885.39
70.63 -210.80 1885.85
70.63 -210.72 1886.24
70.57 -210.71 1886.55
70.48 -210.75 1886.79
70.36 -210.83 1886.96
70.22 -210.96 1887.06
70.06 -211.11 1887.07
69.88 -211.30 1887.03
69.70 -211.52 1886.91
69.51 -211.75 1886.72
69.31 -211.99 1886.48
69.14 -212.22 1886.16
68.97 -212.45 1885.79
68.85 -212.63 1885.37
68.75 -212.79 1884.91
68.69 -212.90 1884.44
68.69 -212.95 1883.95
68.76 -212.93 1883.46
68.87 -212.85 1883.00
69.05 -212.70 1882.58
69.28 -212.50 1882.19
69.54 -212.25 1881.86
69.83 -211.96 1881.58
70.13 -211.65 1881.35
70.43 -211.33 1881.17
70.72 -211.02 1881.02
70.99 -210.71 1880.88
71.21 -210.44 1880.77
71.42 -210.19 1880.66
71.58 -209.99 1880.55
71.71 -209.82 1880.44
71.79 -209.71 1880.29
71.83 -209.62 1880.13
71.83 -209.60 1879.94
71.79 -209.62 1879.72
71.69 -209.69 1879.47
71.56 -209.80 1879.18
71.38 -209.96 1878.86
71.14 -210.15 1878.50
70.86 -210.38 1878.12
70.53 -210.64 1877.71
70.14 -210.91 1877.29
69.73 -211.20 1876.87
69.28 -211.49 1876.45
68.83 -211.76 1876.06
68.37 -212.02 1875.70
67.94 -212.25 1875.39
67.56 -212.45 1875.14
67.21 -212.63 1874.96
66.96 -212.78 1874.85
66.76 -212.89 1874.80
66.66 -212.97 1874.82
66.62 -213.03 1874.90
66.67 -213.05 1875.03
66.76 -213.06 1875.22
66.91 -213.04 1875.44
67.11 -212.99 1875.68
67.32 -212.94 1875.95
67.56 -212.85 1876.22
67.81 -212.75 1876.50
68.06 -212.64 1876.79
68.30 -212.52 1877.06
68.53 -212.39 1877.29
68.74 -212.27 1877.52
68.92 -212.15 1877.70
69.08 -212.04 1877.85
69.21 -211.94 1877.96
69.31 -211.85 1878.02
69.38 -211.79 1878.04
69.42 -211.74 1878.01
69.43 -211.72 1877.93
69.40 -211.72 1877.82
69.34 -211.73 1877.64
69.26 -211.76 1877.44
69.14 -211.80 1877.20
69.00 -211.86 1876.94
68.84 -211.92 1876.65
68.65 -211.98 1876.37
68.46 -212.04 1876.08
68.27 -212.09 1875.81
68.08 -212.14 1875.55
67.82 -212.21 1875.23
67.71 -212.23 1875.10
67.59 -212.26 1874.97
67.49 -212.28 1874.86
67.39 -212.31 1874.77
67.33 -212.33 1874.72
67.27 -212.35 1874.69
67.24 -212.37 1874.68
67.22 -212.40 1874.71
67.22 -212.43 1874.76
67.23 -212.45 1874.82
67.24 -212.48 1874.91
67.26 -212.52 1875.01
67.28 -212.56 1875.12
67.30 -212.60 1875.25
67.31 -212.65 1875.38
67.32 -212.70 1875.52
67.31 -212.76 1875.66
67.29 -212.83 1875.83
67.27 -212.88 1875.93
67.23 -212.96 1876.07
67.17 -213.04 1876.20
67.10 -213.12 1876.31
67.01 -213.19 1876.41
66.92 -213.27 1876.50
66.82 -213.35 1876.57
66.72 -213.42 1876.64
66.62 -213.48 1876.68
66.52 -213.55 1876.72
66.42 -213.60 1876.74
66.33 -213.65 1876.76
66.25 -213.69 1876.77
66.17 -213.72 1876.78
66.11 -213.75 1876.78
66.05 -213.78 1876.78
66.00 -213.80 1876.78
65.96 -213.82 1876.77
65.92 -213.83 1876.77
65.89 -213.84 1876.77
65.86 -213.85 1876.76
65.84 -213.86 1876.76
65.83 -213.86 1876.76
65.81 -213.87 1876.76
65.80 -213.87 1876.76
65.79 -213.88 1876.75
65.78 -213.88 1876.75
65.77 -213.88 1876.75
65.77 -213.89 1876.75
65.76 -213.89 1876.75
65.75 -213.89 1876.75
65.75 -213.89 1876.75
65.74 -213.89 1876.75
65.74 -213.89 1876.75
65.73 -213.90 1876.74
65.73 -213.90 1876.74
65.73 -213.90 1876.74
65.72 -213.90 1876.74
65.72 -213.90 1876.74
65.72 -213.90 1876.74
65.72 -213.90 1876.74
65.72 -213.90 1876.74
65.72 -213.90 1876.74
65.71 -213.90 1876.74
65.71 -213.90 1876.74
65.71 -213.90 1876.74
65.71 -213.90 1876.74
65.71 -213.90 1876.74
65.71 -213.90 1876.74
65.71 -213.90 1876.74
82.39 -179.56 1889.69
82.48 -180.32 1889.22
82.55 -181.14 1888.73
82.61 -181.99 1888.21
82.65 -182.90 1887.66
82.67 -183.83 1887.10
82.67 -184.76 1886.54
82.65 -185.70 1886.00
82.60 -186.61 1885.48
82.54 -187.43 1885.00
82.47 -188.14 1884.62
82.41 -188.72 1884.28
82.34 -189.30 1884.01
82.32 -189.45 1883.93
82.30 -189.54 1883.90
82.29 -189.58 1883.90
82.30 -189.55 1883.92
82.31 -189.47 1883.96
82.32 -189.38 1884.02
82.34 -189.26 1884.07
82.35 -189.17 1884.11
82.36 -189.09 1884.11
82.37 -189.07 1884.09
82.37 -189.08 1884.03
82.36 -189.16 1883.94
82.35 -189.29 1883.82
82.33 -189.49 1883.66
82.29 -189.76 1883.45
82.25 -190.09 1883.22
82.25 -190.09 1883.22
82.12 -190.90 1882.66
82.02 -191.41 1882.34
81.89 -192.05 1881.97
81.74 -192.73 1881.57
81.57 -193.44 1881.15
81.35 -194.25 1880.72
81.12 -195.06 1880.32
80.85 -195.91 1879.89
80.43 -197.11 1879.36
80.22 -197.68 1879.15
79.98 -198.31 1878.93
79.73 -198.93 1878.76
79.50 -199.48 1878.64
79.29 -199.97 1878.59
79.12 -200.38 1878.62
78.99 -200.67 1878.73
78.91 -200.86 1878.90
78.85 -201.01 1879.11
78.84 -201.04 1879.39
78.85 -201.04 1879.71
78.87 -201.00 1880.04
78.91 -200.91 1880.39
78.95 -200.82 1880.75
79.00 -200.70 1881.12
79.03 -200.61 1881.48
79.06 -200.52 1881.83
79.07 -200.44 1882.19
79.07 -200.40 1882.52
79.08 -200.35 1882.84
79.06 -200.35 1883.15
79.03 -200.36 1883.44
78.99 -200.40 1883.71
78.95 -200.43 1883.95
78.91 -200.48 1884.19
78.87 -200.53 1884.39
78.83 -200.56 1884.56
78.81 -200.58 1884.71
78.81 -200.55 1884.83
78.84 -200.47 1884.89
78.90 -200.32 1884.89
79.00 -200.10 1884.87
79.15 -199.77 1884.77
79.35 -199.34 1884.60
79.60 -198.77 1884.36
79.90 -198.09 1884.04
80.23 -197.25 1883.62
80.60 -196.26 1883.09
80.97 -195.14 1882.47
81.34 -193.86 1881.72
81.68 -192.43 1880.87
81.96 -190.89 1879.91
82.16 -189.20 1878.80
82.26 -187.43 1877.60
82.23 -185.57 1876.27
51.14 -218.29 1897.47
51.14 -218.29 1897.47
55.54 -217.19 1897.20
60.63 -215.35 1896.39
69.13 -210.39 1893.74
69.90 -209.87 1893.20
70.23 -209.76 1892.74
70.25 -209.92 1892.35
70.15 -210.20 1891.96
70.00 -210.52 1891.57
69.83 -210.87 1891.14
69.63 -211.24 1890.68
69.43 -211.62 1890.17
69.43 -211.62 1890.17
69.02 -212.31 1889.18
68.74 -212.75 1888.52
68.47 -213.16 1887.84
68.18 -213.57 1887.11
67.87 -213.97 1886.32
67.56 -214.35 1885.50
67.25 -214.70 1884.65
66.95 -215.00 1883.78
66.66 -215.27 1882.92
66.43 -215.46 1882.07
66.24 -215.59 1881.28
66.13 -215.64 1880.57
66.13 -215.62 1879.98
66.23 -215.51 1879.54
66.45 -215.33 1879.27
66.79 -215.08 1879.19
67.23 -214.76 1879.33
67.75 -214.38 1879.67
68.31 -213.96 1880.17
68.87 -213.52 1880.82
69.38 -213.07 1881.53
69.82 -212.65 1882.29
70.21 -212.24 1883.04
70.50 -211.90 1883.76
70.71 -211.60 1884.42
70.85 -211.37 1885.04
70.94 -211.18 1885.56
70.96 -211.07 1886.01
70.95 -211.00 1886.39
70.88 -211.00 1886.69
70.78 -211.05 1886.92
70.65 -211.14 1887.08
70.50 -211.28 1887.16
70.34 -211.45 1887.16
70.16 -211.65 1887.11
69.96 -211.88 1886.97
69.77 -212.11 1886.76
69.57 -212.36 1886.50
69.40 -212.60 1886.16
69.23 -212.82 1885.77
69.10 -213.01 1885.33
69.01 -213.16 1884.86
68.96 -213.26 1884.37
68.97 -213.30 1883.87
69.06 -213.26 1883.37
69.19 -213.16 1882.90
69.39 -213.00 1882.48
69.63 -212.78 1882.09
69.91 -212.51 1881.78
70.21 -212.21 1881.50
70.51 -211.89 1881.28
70.82 -211.57 1881.11
71.11 -211.25 1880.96
71.37 -210.94 1880.83
71.60 -210.67 1880.72
71.80 -210.42 1880.61
71.95 -210.23 1880.50
72.08 -210.06 1880.38
72.15 -209.96 1880.23
72.19 -209.88 1880.06
72.18 -209.87 1879.86
72.13 -209.89 1879.63
72.02 -209.98 1879.36
71.88 -210.09 1879.07
71.67 -210.27 1878.73
71.43 -210.47 1878.36
71.13 -210.71 1877.96
70.77 -210.98 1877.54
70.37 -211.27 1877.11
69.94 -211.57 1876.67
69.48 -211.86 1876.25
69.01 -212.13 1875.85
68.54 -212.40 1875.49
68.11 -212.63 1875.19
67.72 -212.83 1874.94
67.38 -213.01 1874.78
67.05 -213.20 1874.66
66.96 -213.27 1874.67
66.91 -213.33 1874.72
66.91 -213.37 1874.82
66.96 -213.39 1874.97
67.07 -213.39 1875.16
67.24 -213.36 1875.38
67.43 -213.32 1875.64
67.66 -213.25 1875.90
67.90 -213.16 1876.19
68.15 -213.05 1876.47
68.39 -212.94 1876.75
68.63 -212.82 1877.01
68.86 -212.69 1877.25
68.86 -212.69 1877.25
69.25 -212.45 1877.66
69.41 -212.33 1877.81
69.54 -212.23 1877.92
69.64 -212.15 1877.97
69.70 -212.09 1877.98
69.74 -212.05 1877.94
69.74 -212.03 1877.85
69.71 -212.03 1877.72
69.63 -212.05 1877.53
69.54 -212.08 1877.32
69.34 -212.16 1876.92
69.22 -212.21 1876.70
69.06 -212.26 1876.45
68.88 -212.32 1876.17
68.69 -212.38 1875.89
68.50 -212.43 1875.62
68.31 -212.48 1875.37
68.13 -212.52 1875.15
67.97 -212.56 1874.96
67.83 -212.59 1874.80
67.71 -212.62 1874.67
67.62 -212.64 1874.59
67.55 -212.66 1874.53
67.50 -212.69 1874.51
67.47 -212.71 1874.51
67.45 -212.74 1874.54
67.45 -212.77 1874.59
67.46 -212.79 1874.67
67.48 -212.83 1874.76
67.50 -212.86 1874.87
67.52 -212.91 1874.99
67.54 -212.95 1875.13
67.56 -213.00 1875.27
67.56 -213.06 1875.42
67.55 -213.12 1875.56
67.53 -213.20 1875.74
67.50 -213.25 1875.84
67.45 -213.33 1875.99
67.39 -213.41 1876.12
67.31 -213.50 1876.24
67.22 -213.58 1876.34
67.12 -213.66 1876.43
67.02 -213.74 1876.50
66.91 -213.82 1876.57
66.75 -213.92 1876.63
66.67 -213.96 1876.65
66.58 -214.01 1876.67
66.50 -214.05 1876.68
66.42 -214.09 1876.69
66.34 -214.13 1876.70
66.27 -214.16 1876.70
66.21 -214.18 1876.70
66.16 -214.21 1876.70
66.11 -214.22 1876.69
66.11 -214.22 1876.69
66.04 -214.25 1876.69
66.02 -214.26 1876.69
65.99 -214.27 1876.68
65.98 -214.27 1876.68
65.96 -214.28 1876.68
65.95 -214.28 1876.68
65.94 -214.29 1876.67
65.93 -214.29 1876.67
65.92 -214.29 1876.67
65.91 -214.30 1876.67
65.91 -214.30 1876.67
65.90 -214.30 1876.67
65.89 -214.30 1876.67
65.89 -214.30 1876.67
65.89 -214.31 1876.66
65.88 -214.31 1876.66
65.88 -214.31 1876.66
65.87 -214.31 1876.66
65.87 -214.31 1876.66
65.87 -214.31 1876.66
65.86 -214.31 1876.66
65.86 -214.31 1876.66
65.86 -214.31 1876.65
65.86 -214.31 1876.65
65.86 -214.31 1876.65
65.85 -214.31 1876.65
65.85 -214.31 1876.65
65.85 -214.31 1876.65
65.85 -214.32 1876.65
65.85 -214.32 1876.65
65.85 -214.32 1876.65
65.85 -214.32 1876.65
65.85 -214.32 1876.65
81.80 -178.23 1890.47
81.90 -178.88 1890.05
82.00 -179.56 1889.62
82.08 -180.32 1889.15
82.16 -181.13 1888.66
82.21 -181.98 1888.14
82.26 -182.88 1887.60
82.28 -183.80 1887.05
82.28 -184.73 1886.49
82.25 -185.66 1885.95
82.21 -186.56 1885.44
82.15 -187.37 1884.97
82.08 -188.08 1884.58
82.02 -188.65 1884.25
81.94 -189.23 1883.98
81.92 -189.38 1883.90
81.91 -189.47 1883.87
81.90 -189.51 1883.87
81.91 -189.48 1883.89
81.92 -189.40 1883.93
81.93 -189.31 1883.99
81.95 -189.19 1884.03
81.96 -189.11 1884.08
81.97 -189.02 1884.08
81.98 -189.00 1884.06
81.98 -189.02 1884.00
81.97 -189.10 1883.91
81.96 -189.23 1883.79
81.94 -189.41 1883.63
81.90 -189.69 1883.43
81.85 -190.01 1883.20
81.85 -190.01 1883.20
81.72 -190.82 1882.64
81.63 -191.33 1882.33
81.50 -191.96 1881.96
81.35 -192.63 1881.56
81.18 -193.34 1881.14
80.97 -194.14 1880.72
80.73 -194.94 1880.32
80.47 -195.79 1879.89
80.06 -196.98 1879.37
79.85 -197.54 1879.16
79.61 -198.16 1878.94
79.36 -198.78 1878.77
79.13 -199.33 1878.66
78.93 -199.81 1878.61
78.75 -200.22 1878.64
78.63 -200.51 1878.74
78.55 -200.70 1878.91
78.49 -200.84 1879.12
78.48 -200.88 1879.40
78.49 -200.87 1879.71
78.51 -200.83 1880.04
78.55 -200.74 1880.39
78.58 -200.66 1880.74
78.63 -200.54 1881.11
78.66 -200.45 1881.47
78.69 -200.35 1881.81
78.71 -200.28 1882.17
78.71 -200.24 1882.50
78.71 -200.19 1882.81
78.69 -200.19 1883.12
78.66 -200.20 1883.41
78.63 -200.24 1883.68
78.59 -200.27 1883.92
78.55 -200.31 1884.15
78.51 -200.36 1884.32
78.48 -200.39 1884.49
78.45 -200.41 1884.65
78.44 -200.40 1884.83
78.46 -200.33 1884.86
78.52 -200.21 1884.87
78.61 -200.01 1884.85
78.81 -199.56 1884.73
78.98 -199.19 1884.56
79.03 -199.07 1884.60
78.70 -199.68 1885.21
78.47 -200.10 1885.57
78.17 -200.63 1886.01
77.81 -201.24 1886.50
77.23 -202.15 1887.18
76.96 -202.57 1887.47
76.59 -203.11 1887.83
75.95 -204.00 1888.39
75.64 -204.43 1888.63
75.24 -204.95 1888.91
74.78 -205.55 1889.22
74.04 -206.45 1889.65
73.68 -206.88 1889.82
73.21 -207.41 1890.03
72.67 -208.01 1890.25
71.83 -208.91 1890.54
71.42 -209.33 1890.65
70.88 -209.88 1890.79
69.99 -210.75 1890.92
69.75 -211.05 1890.75
69.55 -211.39 1890.39
69.32 -211.77 1889.92
68.97 -212.34 1889.12
68.80 -212.62 1888.69
68.56 -212.98 1888.11
68.15 -213.55 1887.10
67.95 -213.83 1886.56
67.67 -214.17 1885.84
67.35 -214.54 1885.02
66.96 -214.95 1883.95
66.67 -215.22 1883.06
66.38 -215.46 1882.18
66.20 -215.59 1881.33
66.03 -215.68 1880.57
66.06 -215.61 1879.70
66.18 -215.51 1879.44
66.40 -215.33 1879.25
66.73 -215.09 1879.19
67.16 -214.78 1879.32
67.67 -214.41 1879.63
68.22 -214.00 1880.11
68.77 -213.56 1880.73
69.29 -213.12 1881.44
69.74 -212.69 1882.18
70.14 -212.28 1882.94
70.44 -211.93 1883.66
70.66 -211.63 1884.33
70.81 -211.38 1884.96
70.91 -211.19 1885.48
70.94 -211.07 1885.95
70.93 -210.99 1886.34
70.87 -210.99 1886.64
70.77 -211.03 1886.88
70.65 -211.12 1887.05
70.50 -211.25 1887.14
70.34 -211.41 1887.15
70.16 -211.61 1887.10
69.97 -211.83 1886.97
69.78 -212.07 1886.78
69.58 -212.31 1886.53
69.40 -212.55 1886.20
69.24 -212.77 1885.82
69.11 -212.96 1885.39
69.01 -213.11 1884.92
68.96 -213.22 1884.43
68.96 -213.27 1883.93
69.03 -213.24 1883.44
69.16 -213.15 1882.97
69.35 -213.00 1882.55
69.58 -212.79 1882.15
69.85 -212.53 1881.83
70.15 -212.23 1881.54
70.45 -211.92 1881.31
70.76 -211.59 1881.13
71.05 -211.27 1880.98
71.32 -210.96 1880.85
71.55 -210.69 1880.74
71.76 -210.44 1880.63
71.91 -210.24 1880.52
72.04 -210.07 1880.40
72.12 -209.95 1880.25
72.16 -209.87 1880.09
72.16 -209.85 1879.89
72.11 -209.88 1879.66
72.01 -209.95 1879.40
71.88 -210.07 1879.11
71.68 -210.23 1878.77
71.44 -210.43 1878.41
71.14 -210.67 1878.02
70.80 -210.93 1877.60
70.41 -211.22 1877.17
69.98 -211.51 1876.74
69.52 -211.80 1876.31
69.06 -212.08 1875.91
68.59 -212.34 1875.55
68.15 -212.58 1875.24
67.76 -212.78 1874.99
67.42 -212.97 1874.81
67.16 -213.11 1874.71
66.97 -213.22 1874.66
66.87 -213.30 1874.69
66.84 -213.36 1874.78
66.89 -213.38 1874.91
66.99 -213.39 1875.10
67.15 -213.37 1875.33
67.36 -213.31 1875.58
67.58 -213.26 1875.86
67.82 -213.16 1876.14
68.08 -213.06 1876.43
68.33 -212.94 1876.71
68.58 -212.82 1876.99
68.81 -212.69 1877.23
69.02 -212.56 1877.46
69.21 -212.44 1877.64
69.37 -212.33 1877.79
69.50 -212.23 1877.91
69.61 -212.14 1877.96
69.67 -212.08 1877.98
69.71 -212.03 1877.94
69.72 -212.01 1877.86
69.69 -212.01 1877.74
69.62 -212.03 1877.55
69.53 -212.06 1877.35
69.42 -212.10 1877.09
69.26 -212.17 1876.82
69.09 -212.22 1876.53
68.91 -212.29 1876.23
68.61 -212.38 1875.80
68.46 -212.42 1875.60
68.30 -212.46 1875.39
68.13 -212.50 1875.18
67.98 -212.54 1874.99
67.84 -212.57 1874.83
67.72 -212.59 1874.70
67.62 -212.62 1874.61
67.55 -212.64 1874.55
67.49 -212.67 1874.52
67.46 -212.69 1874.52
67.44 -212.71 1874.55
67.44 -212.74 1874.60
67.45 -212.77 1874.67
67.47 -212.80 1874.76
67.49 -212.84 1874.87
67.51 -212.88 1874.99
67.52 -212.93 1875.12
67.54 -212.97 1875.26
67.54 -213.03 1875.40
67.54 -213.09 1875.55
67.52 -213.17 1875.72
67.49 -213.22 1875.83
67.44 -213.30 1875.97
67.38 -213.38 1876.11
67.31 -213.46 1876.23
67.22 -213.55 1876.33
67.12 -213.63 1876.42
67.02 -213.71 1876.50
66.91 -213.78 1876.56
66.80 -213.85 1876.61
66.69 -213.91 1876.64
66.60 -213.97 1876.67
66.50 -214.02 1876.69
66.41 -214.06 1876.70
66.34 -214.10 1876.70
66.27 -214.13 1876.71
66.21 -214.16 1876.70
66.15 -214.18 1876.70
66.11 -214.20 1876.70
66.07 -214.21 1876.70
66.04 -214.22 1876.69
66.01 -214.23 1876.69
65.99 -214.24 1876.69
65.97 -214.25 1876.68
65.95 -214.25 1876.68
65.94 -214.26 1876.68
65.93 -214.26 1876.68
65.92 -214.27 1876.68
65.91 -214.27 1876.68
65.91 -214.27 1876.68
65.90 -214.27 1876.68
65.89 -214.27 1876.67
65.89 -214.28 1876.67
65.88 -214.28 1876.67
65.88 -214.28 1876.67
65.87 -214.28 1876.67
65.87 -214.28 1876.67
65.86 -214.28 1876.67
65.86 -214.28 1876.66
65.86 -214.29 1876.66
65.85 -214.29 1876.66
65.85 -214.29 1876.66
65.85 -214.29 1876.66
65.85 -214.29 1876.66
65.85 -214.29 1876.66
65.85 -214.29 1876.66
65.84 -214.29 1876.66
65.84 -214.29 1876.66
65.84 -214.29 1876.66
65.84 -214.29 1876.66
65.84 -214.29 1876.66
65.84 -214.29 1876.66
65.84 -214.29 1876.66
84.03 -185.85 1886.15
83.98 -186.78 1885.63
83.92 -187.62 1885.14
83.85 -188.35 1884.74
83.79 -188.94 1884.39
83.71 -189.54 1884.11
83.69 -189.70 1884.04
83.68 -189.79 1884.00
83.67 -189.83 1884.00
83.67 -189.79 1884.03
83.68 -189.72 1884.07
83.70 -189.62 1884.13
83.71 -189.50 1884.17
83.73 -189.41 1884.22
83.74 -189.32 1884.22
83.75 -189.30 1884.20
83.75 -189.32 1884.14
83.74 -189.40 1884.05
83.73 -189.53 1883.92
83.70 -189.73 1883.75
83.67 -190.01 1883.54
83.62 -190.35 1883.31
83.62 -190.35 1883.31
83.48 -191.18 1882.73
83.39 -191.71 1882.40
83.25 -192.37 1882.02
83.10 -193.06 1881.61
82.92 -193.80 1881.18
82.70 -194.63 1880.73
82.46 -195.46 1880.32
82.18 -196.34 1879.88
81.75 -197.58 1879.33
81.54 -198.16 1879.12
81.29 -198.81 1878.89
81.03 -199.45 1878.72
80.80 -200.02 1878.60
80.58 -200.52 1878.54
80.40 -200.94 1878.57
80.27 -201.24 1878.69
80.19 -201.44 1878.86
80.12 -201.59 1879.08
80.11 -201.63 1879.37
80.12 -201.62 1879.69
80.14 -201.58 1880.03
80.19 -201.49 1880.39
80.22 -201.40 1880.76
80.27 -201.27 1881.15
80.30 -201.18 1881.52
80.34 -201.08 1881.88
80.35 -201.01 1882.25
80.35 -200.96 1882.59
80.36 -200.92 1882.92
80.33 -200.91 1883.24
80.31 -200.92 1883.54
80.27 -200.96 1883.82
80.23 -201.00 1884.07
80.19 -201.04 1884.31
80.14 -201.10 1884.52
80.11 -201.13 1884.70
80.08 -201.14 1884.85
80.08 -201.12 1884.97
80.11 -201.03 1885.04
80.18 -200.88 1885.05
80.28 -200.65 1885.02
80.44 -200.32 1884.91
80.64 -199.87 1884.74
80.90 -199.28 1884.49
81.20 -198.57 1884.16
81.55 -197.71 1883.73
81.93 -196.68 1883.18
82.31 -195.52 1882.54
82.70 -194.19 1881.76
83.05 -192.72 1880.88
83.34 -191.12 1879.89
83.55 -189.37 1878.73
83.66 -187.54 1877.49
83.62 -185.60 1876.11
51.40 -219.52 1898.09
51.40 -219.52 1898.09
55.96 -218.39 1897.80
61.24 -216.47 1896.97
70.05 -211.32 1894.22
70.86 -210.79 1893.65
71.19 -210.67 1893.18
71.21 -210.84 1892.77
71.11 -211.13 1892.37
70.95 -211.46 1891.97
70.78 -211.82 1891.52
70.57 -212.21 1891.04
70.36 -212.60 1890.51
70.36 -212.60 1890.51
69.94 -213.33 1889.49
69.65 -213.78 1888.80
69.36 -214.21 1888.09
69.06 -214.63 1887.33
68.75 -215.05 1886.51
68.42 -215.44 1885.66
68.09 -215.81 1884.77
67.78 -216.12 1883.87
67.48 -216.40 1882.97
67.24 -216.60 1882.09
67.04 -216.74 1881.26
66.94 -216.79 1880.52
66.93 -216.76 1879.91
67.03 -216.66 1879.45
67.27 -216.47 1879.17
67.62 -216.20 1879.08
68.08 -215.87 1879.23
68.62 -215.47 1879.58
69.21 -215.03 1880.10
69.79 -214.57 1880.78
70.32 -214.11 1881.53
70.79 -213.67 1882.32
71.19 -213.24 1883.10
71.49 -212.88 1883.86
71.71 -212.57 1884.54
71.86 -212.33 1885.20
71.95 -212.13 1885.74
71.98 -212.01 1886.21
71.96 -211.94 1886.61
71.89 -211.94 1886.92
71.79 -211.99 1887.16
71.65 -212.09 1887.33
71.50 -212.23 1887.41
71.33 -212.41 1887.42
71.13 -212.62 1887.36
70.93 -212.86 1887.21
70.73 -213.11 1887.00
70.52 -213.37 1886.72
70.33 -213.61 1886.37
70.16 -213.85 1885.96
70.03 -214.05 1885.50
69.93 -214.20 1885.00
69.88 -214.31 1884.48
69.89 -214.35 1883.95
69.98 -214.31 1883.43
70.12 -214.21 1882.94
70.33 -214.04 1882.50
70.58 -213.81 1882.09
70.87 -213.52 1881.76
71.19 -213.21 1881.46
71.51 -212.87 1881.23
71.83 -212.53 1881.05
72.14 -212.19 1880.89
72.42 -211.86 1880.75
72.66 -211.59 1880.64
72.87 -211.32 1880.53
73.03 -211.12 1880.40
73.16 -210.94 1880.28
73.24 -210.83 1880.12
73.28 -210.75 1879.94
73.27 -210.73 1879.73
73.22 -210.76 1879.48
73.10 -210.85 1879.20
72.96 -210.97 1878.89
72.74 -211.16 1878.53
72.48 -211.37 1878.13
72.15 -211.63 1877.71
71.78 -211.92 1877.27
71.35 -212.22 1876.80
70.89 -212.54 1876.34
70.40 -212.85 1875.89
69.90 -213.14 1875.46
69.40 -213.42 1875.08
68.94 -213.67 1874.76
68.53 -213.88 1874.50
68.17 -214.08 1874.32
67.81 -214.28 1874.20
67.72 -214.35 1874.21
67.66 -214.42 1874.26
67.66 -214.46 1874.37
67.72 -214.48 1874.53
67.84 -214.48 1874.73
68.01 -214.45 1874.97
68.22 -214.40 1875.24
68.46 -214.33 1875.53
68.72 -214.23 1875.83
68.99 -214.12 1876.14
69.25 -214.00 1876.44
69.51 -213.87 1876.72
69.76 -213.73 1876.98
69.76 -213.73 1876.98
70.18 -213.47 1877.43
70.35 -213.34 1877.58
70.49 -213.24 1877.70
70.60 -213.14 1877.75
70.67 -213.08 1877.77
70.70 -213.03 1877.72
70.70 -213.01 1877.62
70.67 -213.01 1877.48
70.59 -213.04 1877.27
70.49 -213.08 1877.05
70.27 -213.16 1876.61
70.14 -213.21 1876.38
69.97 -213.27 1876.10
69.77 -213.33 1875.79
69.57 -213.40 1875.49
69.36 -213.46 1875.19
69.15 -213.51 1874.92
68.95 -213.55 1874.67
68.77 -213.60 1874.46
68.62 -213.63 1874.29
68.49 -213.66 1874.15
68.38 -213.69 1874.05
68.31 -213.71 1873.99
68.25 -213.74 1873.97
68.22 -213.76 1873.97
68.20 -213.79 1874.00
68.20 -213.82 1874.06
68.21 -213.86 1874.14
68.23 -213.89 1874.25
68.26 -213.93 1874.37
68.28 -213.98 1874.51
68.30 -214.03 1874.66
68.31 -214.09 1874.82
68.32 -214.15 1874.99
68.31 -214.22 1875.15
68.28 -214.31 1875.35
68.25 -214.37 1875.47
68.20 -214.46 1875.63
68.12 -214.56 1875.79
68.03 -214.65 1875.92
67.93 -214.75 1876.04
67.82 -214.84 1876.14
67.70 -214.93 1876.23
67.57 -215.02 1876.30
67.38 -215.14 1876.37
67.30 -215.19 1876.40
67.19 -215.24 1876.42
67.09 -215.29 1876.43
66.99 -215.34 1876.45
66.90 -215.38 1876.45
66.82 -215.42 1876.45
66.75 -215.45 1876.45
66.69 -215.48 1876.45
66.64 -215.50 1876.45
66.64 -215.50 1876.45
66.55 -215.53 1876.44
66.52 -215.54 1876.44
66.49 -215.56 1876.44
66.47 -215.56 1876.43
66.44 -215.57 1876.43
66.43 -215.58 1876.43
66.42 -215.58 1876.43
66.40 -215.58 1876.42
66.39 -215.59 1876.42
66.39 -215.59 1876.42
66.38 -215.59 1876.42
66.37 -215.60 1876.42
66.36 -215.60 1876.42
66.35 -215.60 1876.42
66.35 -215.60 1876.41
66.34 -215.61 1876.41
66.34 -215.61 1876.41
66.33 -215.61 1876.41
66.32 -215.61 1876.40
66.32 -215.61 1876.40
66.31 -215.61 1876.40
66.31 -215.61 1876.40
66.31 -215.61 1876.40
66.31 -215.61 1876.40
66.30 -215.62 1876.40
66.30 -215.62 1876.40
66.30 -215.62 1876.40
66.29 -215.62 1876.40
66.29 -215.62 1876.40
66.29 -215.62 1876.40
66.28 -215.62 1876.40
66.28 -215.62 1876.40
66.28 -215.62 1876.40
66.27 -215.62 1876.39
66.27 -215.63 1876.39
66.27 -215.63 1876.39
66.26 -215.63 1876.39
66.26 -215.63 1876.39
66.26 -215.63 1876.39
66.26 -215.63 1876.39
