25.93 -203.24 1765.92
25.99 -203.43 1765.89
26.05 -203.62 1765.85
26.12 -203.80 1765.81
26.19 -203.98 1765.76
26.27 -204.16 1765.72
26.36 -204.33 1765.67
26.44 -204.51 1765.63
26.53 -204.68 1765.58
26.63 -204.85 1765.53
26.72 -205.01 1765.47
26.82 -205.18 1765.42
26.92 -205.34 1765.36
27.02 -205.51 1765.29
27.11 -205.67 1765.23
27.20 -205.83 1765.16
27.29 -206.00 1765.08
27.37 -206.16 1765.01
27.44 -206.33 1764.92
27.51 -206.50 1764.84
27.56 -206.67 1764.75
27.60 -206.84 1764.66
27.63 -207.02 1764.56
27.65 -207.19 1764.47
27.65 -207.37 1764.37
27.65 -207.54 1764.28
27.62 -207.72 1764.19
27.60 -207.90 1764.09
27.57 -208.07 1764.00
27.54 -208.25 1763.91
27.50 -208.42 1763.83
27.46 -208.60 1763.74
27.43 -208.78 1763.65
27.39 -208.96 1763.57
27.37 -209.14 1763.49
27.34 -209.32 1763.40
27.32 -209.50 1763.32
27.30 -209.68 1763.24
27.30 -209.86 1763.15
27.29 -210.04 1763.07
27.30 -210.22 1762.98
27.31 -210.40 1762.90
27.32 -210.58 1762.81
27.34 -210.76 1762.72
27.37 -210.94 1762.63
27.40 -211.11 1762.54
27.43 -211.29 1762.45
27.46 -211.46 1762.36
27.50 -211.63 1762.26
27.53 -211.81 1762.17
26.05 -203.62 1765.85
26.12 -203.80 1765.81
26.19 -203.98 1765.76
26.27 -204.16 1765.72
26.36 -204.33 1765.67
26.44 -204.51 1765.63
26.53 -204.68 1765.58
26.63 -204.85 1765.53
26.72 -205.01 1765.47
26.82 -205.18 1765.42
26.92 -205.34 1765.36
27.02 -205.51 1765.29
27.11 -205.67 1765.23
27.20 -205.83 1765.16
27.29 -206.00 1765.08
27.37 -206.16 1765.01
27.44 -206.33 1764.92
27.51 -206.50 1764.84
27.56 -206.67 1764.75
27.60 -206.84 1764.66
27.63 -207.02 1764.56
27.65 -207.19 1764.47
27.65 -207.37 1764.37
27.65 -207.54 1764.28
27.62 -207.72 1764.19
27.60 -207.90 1764.09
27.57 -208.07 1764.00
27.54 -208.25 1763.91
27.50 -208.42 1763.83
27.46 -208.60 1763.74
27.43 -208.78 1763.65
27.39 -208.96 1763.57
27.37 -209.14 1763.49
27.34 -209.32 1763.40
27.32 -209.50 1763.32
27.30 -209.68 1763.24
27.30 -209.86 1763.15
27.29 -210.04 1763.07
27.30 -210.22 1762.98
27.31 -210.40 1762.90
25.93 -203.24 1765.92
25.99 -203.43 1765.89
26.05 -203.62 1765.85
26.12 -203.80 1765.81
26.19 -203.98 1765.76
26.27 -204.16 1765.72
26.36 -204.33 1765.67
26.44 -204.51 1765.63
26.53 -204.68 1765.58
26.63 -204.85 1765.53
26.72 -205.01 1765.47
26.82 -205.18 1765.42
26.92 -205.34 1765.36
27.02 -205.51 1765.29
27.11 -205.67 1765.23
27.20 -205.83 1765.16
27.29 -206.00 1765.08
27.37 -206.16 1765.01
27.44 -206.33 1764.92
27.51 -206.50 1764.84
27.56 -206.67 1764.75
27.60 -206.84 1764.66
27.63 -207.02 1764.56
27.65 -207.19 1764.47
27.65 -207.37 1764.37
27.65 -207.54 1764.28
27.62 -207.72 1764.19
27.60 -207.90 1764.09
27.57 -208.07 1764.00
27.54 -208.25 1763.91
27.50 -208.42 1763.83
27.46 -208.60 1763.74
27.43 -208.78 1763.65
27.39 -208.96 1763.57
27.37 -209.14 1763.49
27.34 -209.32 1763.40
27.32 -209.50 1763.32
27.30 -209.68 1763.24
27.30 -209.86 1763.15
27.29 -210.04 1763.07
27.34 -209.32 1763.40
27.32 -209.50 1763.32
27.30 -209.68 1763.24
27.30 -209.86 1763.15
27.29 -210.04 1763.07
27.30 -210.22 1762.98
27.31 -210.40 1762.90
27.32 -210.58 1762.81
27.34 -210.76 1762.72
27.37 -210.94 1762.63
27.40 -211.11 1762.54
27.43 -211.29 1762.45
27.46 -211.46 1762.36
27.50 -211.63 1762.26
27.53 -211.81 1762.17
27.56 -211.98 1762.07
27.59 -212.15 1761.97
27.62 -212.32 1761.87
27.64 -212.49 1761.77
27.65 -212.66 1761.67
27.66 -212.84 1761.57
27.66 -213.01 1761.46
27.65 -213.18 1761.36
27.63 -213.35 1761.26
27.61 -213.52 1761.16
27.57 -213.69 1761.07
27.53 -213.87 1760.97
27.48 -214.04 1760.88
27.43 -214.21 1760.79
27.37 -214.38 1760.70
27.31 -214.54 1760.61
27.24 -214.71 1760.52
27.18 -214.88 1760.44
27.10 -215.05 1760.35
27.03 -215.21 1760.27
26.96 -215.38 1760.19
26.88 -215.55 1760.10
26.81 -215.71 1760.02
26.74 -215.88 1759.94
26.67 -216.05 1759.85
31.53 -206.57 1765.01
31.72 -206.62 1764.98
31.91 -206.67 1764.94
32.10 -206.73 1764.90
32.29 -206.78 1764.86
32.47 -206.84 1764.82
32.66 -206.91 1764.78
32.84 -206.97 1764.73
33.02 -207.04 1764.69
33.21 -207.11 1764.65
33.39 -207.19 1764.60
33.57 -207.26 1764.56
33.74 -207.34 1764.51
33.92 -207.42 1764.47
34.10 -207.51 1764.42
34.27 -207.60 1764.37
34.44 -207.69 1764.32
34.60 -207.79 1764.27
34.77 -207.89 1764.22
34.93 -207.99 1764.16
35.09 -208.10 1764.11
35.25 -208.21 1764.05
35.40 -208.32 1763.99
35.56 -208.43 1763.93
35.71 -208.55 1763.86
35.86 -208.66 1763.80
36.01 -208.78 1763.73
36.16 -208.89 1763.67
36.31 -209.01 1763.60
36.46 -209.12 1763.54
36.61 -209.23 1763.47
36.76 -209.35 1763.41
36.92 -209.46 1763.34
37.07 -209.57 1763.28
37.22 -209.69 1763.21
37.37 -209.80 1763.15
37.51 -209.92 1763.08
37.66 -210.04 1763.01
37.80 -210.16 1762.93
37.93 -210.29 1762.85
26.05 -203.62 1765.85
26.12 -203.80 1765.81
26.19 -203.98 1765.76
26.27 -204.16 1765.72
26.36 -204.33 1765.67
26.44 -204.51 1765.63
26.53 -204.68 1765.58
26.63 -204.85 1765.53
26.72 -205.01 1765.47
26.82 -205.18 1765.42
26.92 -205.34 1765.36
27.02 -205.51 1765.29
27.11 -205.67 1765.23
27.20 -205.83 1765.16
27.29 -206.00 1765.08
27.37 -206.16 1765.01
27.44 -206.33 1764.92
27.51 -206.50 1764.84
27.56 -206.67 1764.75
27.60 -206.84 1764.66
27.63 -207.02 1764.56
27.65 -207.19 1764.47
27.65 -207.37 1764.37
27.65 -207.54 1764.28
27.62 -207.72 1764.19
27.60 -207.90 1764.09
27.57 -208.07 1764.00
27.54 -208.25 1763.91
27.50 -208.42 1763.83
27.46 -208.60 1763.74
27.43 -208.78 1763.65
27.39 -208.96 1763.57
27.37 -209.14 1763.49
27.34 -209.32 1763.40
27.32 -209.50 1763.32
27.30 -209.68 1763.24
27.30 -209.86 1763.15
27.29 -210.04 1763.07
27.30 -210.22 1762.98
27.31 -210.40 1762.90
26.05 -203.62 1765.85
26.12 -203.80 1765.81
26.19 -203.98 1765.76
26.27 -204.16 1765.72
26.36 -204.33 1765.67
26.44 -204.51 1765.63
26.53 -204.68 1765.58
26.63 -204.85 1765.53
26.72 -205.01 1765.47
26.82 -205.18 1765.42
26.92 -205.34 1765.36
27.02 -205.51 1765.29
27.11 -205.67 1765.23
27.20 -205.83 1765.16
27.29 -206.00 1765.08
27.37 -206.16 1765.01
27.44 -206.33 1764.92
27.51 -206.50 1764.84
27.56 -206.67 1764.75
27.60 -206.84 1764.66
27.63 -207.02 1764.56
27.65 -207.19 1764.47
27.65 -207.37 1764.37
27.65 -207.54 1764.28
27.62 -207.72 1764.19
27.60 -207.90 1764.09
27.57 -208.07 1764.00
27.54 -208.25 1763.91
27.50 -208.42 1763.83
27.46 -208.60 1763.74
27.43 -208.78 1763.65
27.39 -208.96 1763.57
27.37 -209.14 1763.49
27.34 -209.32 1763.40
27.32 -209.50 1763.32
27.30 -209.68 1763.24
27.30 -209.86 1763.15
27.29 -210.04 1763.07
27.30 -210.22 1762.98
27.31 -210.40 1762.90
26.72 -205.01 1765.47
26.82 -205.18 1765.42
26.92 -205.34 1765.36
27.02 -205.51 1765.29
27.11 -205.67 1765.23
27.20 -205.83 1765.16
27.29 -206.00 1765.08
27.37 -206.16 1765.01
27.44 -206.33 1764.92
27.51 -206.50 1764.84
27.56 -206.67 1764.75
27.60 -206.84 1764.66
27.63 -207.02 1764.56
27.65 -207.19 1764.47
27.65 -207.37 1764.37
27.65 -207.54 1764.28
27.62 -207.72 1764.19
27.60 -207.90 1764.09
27.57 -208.07 1764.00
27.54 -208.25 1763.91
27.50 -208.42 1763.83
27.46 -208.60 1763.74
27.43 -208.78 1763.65
27.39 -208.96 1763.57
27.37 -209.14 1763.49
27.34 -209.32 1763.40
27.32 -209.50 1763.32
27.30 -209.68 1763.24
27.30 -209.86 1763.15
27.29 -210.04 1763.07
27.30 -210.22 1762.98
27.31 -210.40 1762.90
27.32 -210.58 1762.81
27.34 -210.76 1762.72
27.37 -210.94 1762.63
27.40 -211.11 1762.54
27.43 -211.29 1762.45
27.46 -211.46 1762.36
27.50 -211.63 1762.26
27.53 -211.81 1762.17
26.72 -205.01 1765.47
26.82 -205.18 1765.42
26.92 -205.34 1765.36
27.02 -205.51 1765.29
27.11 -205.67 1765.23
27.20 -205.83 1765.16
27.29 -206.00 1765.08
27.37 -206.16 1765.01
27.44 -206.33 1764.92
27.51 -206.50 1764.84
27.56 -206.67 1764.75
27.60 -206.84 1764.66
27.63 -207.02 1764.56
27.65 -207.19 1764.47
27.65 -207.37 1764.37
27.65 -207.54 1764.28
27.62 -207.72 1764.19
27.60 -207.90 1764.09
27.57 -208.07 1764.00
27.54 -208.25 1763.91
27.50 -208.42 1763.83
27.46 -208.60 1763.74
27.43 -208.78 1763.65
27.39 -208.96 1763.57
27.37 -209.14 1763.49
27.34 -209.32 1763.40
27.32 -209.50 1763.32
27.30 -209.68 1763.24
27.30 -209.86 1763.15
27.29 -210.04 1763.07
27.30 -210.22 1762.98
27.31 -210.40 1762.90
27.32 -210.58 1762.81
27.34 -210.76 1762.72
27.37 -210.94 1762.63
27.40 -211.11 1762.54
27.43 -211.29 1762.45
27.46 -211.46 1762.36
27.50 -211.63 1762.26
27.53 -211.81 1762.17
28.24 -196.73 1950.39
28.30 -196.63 1950.23
28.36 -196.53 1950.06
28.41 -196.43 1949.90
28.46 -196.33 1949.73
28.50 -196.22 1949.57
28.54 -196.12 1949.40
28.58 -196.01 1949.24
28.61 -195.90 1949.07
28.65 -195.79 1948.91
28.68 -195.68 1948.74
28.71 -195.57 1948.58
28.74 -195.46 1948.42
28.78 -195.35 1948.25
28.81 -195.24 1948.09
28.86 -195.14 1947.93
28.90 -195.03 1947.76
28.95 -194.92 1947.60
29.01 -194.82 1947.44
29.07 -194.71 1947.28
29.13 -194.61 1947.12
29.21 -194.51 1946.96
29.28 -194.41 1946.81
29.37 -194.32 1946.66
29.46 -194.22 1946.50
29.55 -194.13 1946.36
29.65 -194.04 1946.21
29.76 -193.95 1946.06
29.87 -193.86 1945.92
29.99 -193.78 1945.79
30.11 -193.69 1945.65
30.24 -193.61 1945.52
30.37 -193.53 1945.39
30.50 -193.45 1945.27
30.64 -193.37 1945.14
30.78 -193.30 1945.02
30.93 -193.22 1944.91
31.07 -193.15 1944.80
31.23 -193.08 1944.69
31.38 -193.01 1944.58
31.54 -192.94 1944.48
31.70 -192.87 1944.38
31.86 -192.81 1944.29
32.03 -192.74 1944.19
32.20 -192.68 1944.11
32.37 -192.62 1944.02
32.54 -192.56 1943.94
32.71 -192.50 1943.86
32.89 -192.44 1943.79
33.07 -192.39 1943.72
33.25 -192.33 1943.66
33.44 -192.28 1943.60
33.62 -192.22 1943.55
33.81 -192.17 1943.50
34.00 -192.12 1943.46
34.19 -192.07 1943.42
34.38 -192.02 1943.39
34.57 -191.97 1943.36
34.76 -191.92 1943.34
34.96 -191.87 1943.32
35.15 -191.82 1943.31
35.34 -191.77 1943.30
35.53 -191.72 1943.29
35.73 -191.67 1943.29
35.92 -191.62 1943.29
36.12 -191.56 1943.30
36.31 -191.51 1943.30
36.50 -191.46 1943.30
36.70 -191.41 1943.31
36.89 -191.36 1943.31
37.08 -191.31 1943.32
37.28 -191.27 1943.32
37.47 -191.22 1943.31
37.67 -191.17 1943.31
37.86 -191.13 1943.30
38.06 -191.09 1943.29
38.25 -191.05 1943.27
38.45 -191.01 1943.25
38.64 -190.97 1943.23
38.84 -190.94 1943.20
39.03 -190.91 1943.16
39.22 -190.88 1943.12
39.42 -190.85 1943.08
39.61 -190.82 1943.03
39.80 -190.80 1942.98
39.99 -190.78 1942.92
40.18 -190.76 1942.85
40.37 -190.74 1942.78
40.55 -190.73 1942.70
40.73 -190.71 1942.62
40.91 -190.70 1942.53
41.09 -190.68 1942.44
41.26 -190.66 1942.35
41.44 -190.64 1942.25
41.61 -190.62 1942.15
41.77 -190.60 1942.04
41.94 -190.57 1941.93
42.10 -190.54 1941.81
42.25 -190.51 1941.69
42.41 -190.47 1941.57
42.56 -190.43 1941.44
42.70 -190.38 1941.32
42.84 -190.32 1941.18
42.98 -190.26 1941.05
43.11 -190.20 1940.91
43.23 -190.13 1940.77
43.35 -190.05 1940.63
43.46 -189.97 1940.48
43.56 -189.88 1940.33
43.66 -189.79 1940.18
43.74 -189.70 1940.03
43.82 -189.60 1939.88
43.90 -189.50 1939.72
43.96 -189.39 1939.56
44.02 -189.29 1939.40
44.07 -189.18 1939.24
44.10 -189.07 1939.08
44.14 -188.95 1938.92
44.16 -188.84 1938.76
44.18 -188.72 1938.59
44.19 -188.61 1938.43
44.19 -188.49 1938.27
44.18 -188.38 1938.10
44.17 -188.26 1937.94
44.15 -188.14 1937.78
44.13 -188.03 1937.62
44.10 -187.91 1937.46
44.06 -187.79 1937.30
44.02 -187.67 1937.15
43.97 -187.55 1937.00
43.91 -187.43 1936.85
43.85 -187.31 1936.70
43.79 -187.19 1936.55
43.72 -187.07 1936.41
43.64 -186.94 1936.27
43.56 -186.82 1936.14
43.48 -186.70 1936.01
43.39 -186.57 1935.88
43.29 -186.45 1935.75
43.20 -186.32 1935.63
43.10 -186.19 1935.51
42.99 -186.07 1935.40
42.89 -185.94 1935.29
42.78 -185.81 1935.18
42.67 -185.69 1935.07
42.55 -185.56 1934.96
42.44 -185.43 1934.86
42.33 -185.30 1934.76
42.21 -185.17 1934.66
42.10 -185.04 1934.56
41.98 -184.91 1934.46
41.87 -184.78 1934.37
41.75 -184.64 1934.28
41.64 -184.50 1934.18
41.53 -184.37 1934.10
41.41 -184.22 1934.01
41.30 -184.08 1933.92
41.19 -183.94 1933.84
41.08 -183.79 1933.76
40.98 -183.64 1933.69
40.87 -183.48 1933.61
40.77 -183.33 1933.54
40.67 -183.17 1933.48
40.57 -183.01 1933.41
40.47 -182.84 1933.35
40.38 -182.68 1933.29
40.28 -182.51 1933.23
40.19 -182.34 1933.17
40.10 -182.18 1933.11
40.01 -182.01 1933.05
39.93 -181.83 1932.99
39.84 -181.66 1932.93
39.76 -181.49 1932.87
39.68 -181.32 1932.81
39.60 -181.15 1932.74
39.53 -180.98 1932.67
39.46 -180.81 1932.59
39.39 -180.64 1932.52
39.32 -180.47 1932.44
39.25 -180.30 1932.35
39.18 -180.13 1932.26
39.12 -179.97 1932.17
39.06 -179.80 1932.08
39.00 -179.64 1931.98
38.93 -179.48 1931.88
38.87 -179.31 1931.78
38.81 -179.16 1931.67
38.75 -179.00 1931.57
38.68 -178.84 1931.46
38.62 -178.69 1931.35
38.55 -178.53 1931.24
38.48 -178.38 1931.14
38.40 -178.23 1931.03
38.32 -178.09 1930.92
38.24 -177.94 1930.80
38.15 -177.80 1930.69
38.05 -177.66 1930.58
37.96 -177.53 1930.47
37.85 -177.40 1930.36
37.75 -177.27 1930.25
37.64 -177.15 1930.13
37.53 -177.03 1930.02
37.42 -176.91 1929.90
37.30 -176.80 1929.78
37.19 -176.69 1929.66
37.07 -176.58 1929.54
36.96 -176.48 1929.41
36.85 -176.37 1929.28
36.74 -176.27 1929.15
36.63 -176.18 1929.01
36.52 -176.08 1928.87
36.42 -175.98 1928.73
36.32 -175.88 1928.59
36.22 -175.79 1928.44
36.13 -175.69 1928.29
36.04 -175.59 1928.14
35.96 -175.49 1927.99
35.88 -175.39 1927.84
35.80 -175.28 1927.69
35.72 -175.18 1927.54
35.65 -175.07 1927.38
35.58 -174.96 1927.23
35.51 -174.85 1927.08
35.44 -174.74 1926.93
35.38 -174.63 1926.78
35.31 -174.51 1926.63
35.25 -174.40 1926.48
35.18 -174.28 1926.33
35.12 -174.17 1926.18
35.05 -174.05 1926.03
34.99 -173.94 1925.87
34.92 -173.83 1925.72
34.86 -173.73 1925.56
34.80 -173.63 1925.40
34.74 -173.53 1925.24
34.67 -173.43 1925.07
34.62 -173.34 1924.90
34.56 -173.26 1924.73
34.50 -173.18 1924.56
34.45 -173.11 1924.38
34.40 -173.04 1924.19
34.35 -172.98 1924.01
34.31 -172.93 1923.82
34.27 -172.88 1923.63
34.23 -172.84 1923.44
34.19 -172.80 1923.25
34.16 -172.77 1923.05
34.12 -172.74 1922.86
34.09 -172.71 1922.66
34.06 -172.69 1922.47
34.03 -172.68 1922.27
34.00 -172.66 1922.07
33.97 -172.65 1921.88
33.93 -172.63 1921.68
33.90 -172.62 1921.48
33.86 -172.61 1921.29
33.82 -172.60 1921.09
33.78 -172.59 1920.89
33.74 -172.58 1920.70
33.70 -172.57 1920.50
33.65 -172.55 1920.31
33.60 -172.54 1920.12
33.55 -172.53 1919.92
33.50 -172.51 1919.73
33.45 -172.50 1919.54
33.40 -172.48 1919.34
33.35 -172.47 1919.15
33.30 -172.46 1918.96
33.26 -172.44 1918.76
33.21 -172.43 1918.57
33.16 -172.42 1918.38
33.11 -172.42 1918.18
33.07 -172.41 1917.99
33.02 -172.41 1917.79
32.98 -172.41 1917.60
32.93 -172.42 1917.40
32.89 -172.43 1917.21
32.84 -172.44 1917.01
28.74 -195.46 1948.42
28.78 -195.35 1948.25
28.81 -195.24 1948.09
28.86 -195.14 1947.93
28.90 -195.03 1947.76
28.95 -194.92 1947.60
29.01 -194.82 1947.44
29.07 -194.71 1947.28
29.13 -194.61 1947.12
29.21 -194.51 1946.96
29.28 -194.41 1946.81
29.37 -194.32 1946.66
29.46 -194.22 1946.50
29.55 -194.13 1946.36
29.65 -194.04 1946.21
29.76 -193.95 1946.06
29.87 -193.86 1945.92
29.99 -193.78 1945.79
30.11 -193.69 1945.65
30.24 -193.61 1945.52
30.37 -193.53 1945.39
30.50 -193.45 1945.27
30.64 -193.37 1945.14
30.78 -193.30 1945.02
30.93 -193.22 1944.91
31.07 -193.15 1944.80
31.23 -193.08 1944.69
31.38 -193.01 1944.58
31.54 -192.94 1944.48
31.70 -192.87 1944.38
31.86 -192.81 1944.29
32.03 -192.74 1944.19
32.20 -192.68 1944.11
32.37 -192.62 1944.02
32.54 -192.56 1943.94
32.71 -192.50 1943.86
32.89 -192.44 1943.79
33.07 -192.39 1943.72
33.25 -192.33 1943.66
33.44 -192.28 1943.60
33.62 -192.22 1943.55
33.81 -192.17 1943.50
34.00 -192.12 1943.46
34.19 -192.07 1943.42
34.38 -192.02 1943.39
34.57 -191.97 1943.36
34.76 -191.92 1943.34
34.96 -191.87 1943.32
35.15 -191.82 1943.31
35.34 -191.77 1943.30
35.53 -191.72 1943.29
35.73 -191.67 1943.29
35.92 -191.62 1943.29
36.12 -191.56 1943.30
36.31 -191.51 1943.30
36.50 -191.46 1943.30
36.70 -191.41 1943.31
36.89 -191.36 1943.31
37.08 -191.31 1943.32
37.28 -191.27 1943.32
37.47 -191.22 1943.31
37.67 -191.17 1943.31
37.86 -191.13 1943.30
38.06 -191.09 1943.29
38.25 -191.05 1943.27
38.45 -191.01 1943.25
38.64 -190.97 1943.23
38.84 -190.94 1943.20
39.03 -190.91 1943.16
39.22 -190.88 1943.12
39.42 -190.85 1943.08
39.61 -190.82 1943.03
39.80 -190.80 1942.98
39.99 -190.78 1942.92
40.18 -190.76 1942.85
40.37 -190.74 1942.78
40.55 -190.73 1942.70
40.73 -190.71 1942.62
40.91 -190.70 1942.53
41.09 -190.68 1942.44
41.26 -190.66 1942.35
41.44 -190.64 1942.25
41.61 -190.62 1942.15
41.77 -190.60 1942.04
41.94 -190.57 1941.93
42.10 -190.54 1941.81
42.25 -190.51 1941.69
42.41 -190.47 1941.57
42.56 -190.43 1941.44
42.70 -190.38 1941.32
42.84 -190.32 1941.18
42.98 -190.26 1941.05
43.11 -190.20 1940.91
43.23 -190.13 1940.77
43.35 -190.05 1940.63
43.46 -189.97 1940.48
43.56 -189.88 1940.33
43.66 -189.79 1940.18
43.74 -189.70 1940.03
43.82 -189.60 1939.88
43.90 -189.50 1939.72
43.96 -189.39 1939.56
44.02 -189.29 1939.40
44.07 -189.18 1939.24
44.10 -189.07 1939.08
44.14 -188.95 1938.92
44.16 -188.84 1938.76
44.18 -188.72 1938.59
44.19 -188.61 1938.43
44.19 -188.49 1938.27
44.18 -188.38 1938.10
44.17 -188.26 1937.94
44.15 -188.14 1937.78
44.13 -188.03 1937.62
44.10 -187.91 1937.46
44.06 -187.79 1937.30
44.02 -187.67 1937.15
43.97 -187.55 1937.00
43.91 -187.43 1936.85
43.85 -187.31 1936.70
43.79 -187.19 1936.55
43.72 -187.07 1936.41
43.64 -186.94 1936.27
43.56 -186.82 1936.14
43.48 -186.70 1936.01
43.39 -186.57 1935.88
43.29 -186.45 1935.75
43.20 -186.32 1935.63
43.10 -186.19 1935.51
42.99 -186.07 1935.40
42.89 -185.94 1935.29
42.78 -185.81 1935.18
42.67 -185.69 1935.07
42.55 -185.56 1934.96
42.44 -185.43 1934.86
42.33 -185.30 1934.76
42.21 -185.17 1934.66
42.10 -185.04 1934.56
41.98 -184.91 1934.46
41.87 -184.78 1934.37
41.75 -184.64 1934.28
41.64 -184.50 1934.18
41.53 -184.37 1934.10
41.41 -184.22 1934.01
41.30 -184.08 1933.92
41.19 -183.94 1933.84
41.08 -183.79 1933.76
40.98 -183.64 1933.69
40.87 -183.48 1933.61
40.77 -183.33 1933.54
40.67 -183.17 1933.48
40.57 -183.01 1933.41
40.47 -182.84 1933.35
40.38 -182.68 1933.29
40.28 -182.51 1933.23
40.19 -182.34 1933.17
40.10 -182.18 1933.11
40.01 -182.01 1933.05
39.93 -181.83 1932.99
39.84 -181.66 1932.93
39.76 -181.49 1932.87
39.68 -181.32 1932.81
39.60 -181.15 1932.74
39.53 -180.98 1932.67
39.46 -180.81 1932.59
39.39 -180.64 1932.52
39.32 -180.47 1932.44
39.25 -180.30 1932.35
39.18 -180.13 1932.26
39.12 -179.97 1932.17
39.06 -179.80 1932.08
39.00 -179.64 1931.98
38.93 -179.48 1931.88
38.87 -179.31 1931.78
38.81 -179.16 1931.67
38.75 -179.00 1931.57
38.68 -178.84 1931.46
38.62 -178.69 1931.35
38.55 -178.53 1931.24
38.48 -178.38 1931.14
38.40 -178.23 1931.03
38.32 -178.09 1930.92
38.24 -177.94 1930.80
38.15 -177.80 1930.69
38.05 -177.66 1930.58
37.96 -177.53 1930.47
37.85 -177.40 1930.36
37.75 -177.27 1930.25
37.64 -177.15 1930.13
37.53 -177.03 1930.02
37.42 -176.91 1929.90
37.30 -176.80 1929.78
37.19 -176.69 1929.66
37.07 -176.58 1929.54
36.96 -176.48 1929.41
36.85 -176.37 1929.28
36.74 -176.27 1929.15
36.63 -176.18 1929.01
36.52 -176.08 1928.87
36.42 -175.98 1928.73
36.32 -175.88 1928.59
36.22 -175.79 1928.44
36.13 -175.69 1928.29
36.04 -175.59 1928.14
35.96 -175.49 1927.99
35.88 -175.39 1927.84
35.80 -175.28 1927.69
35.72 -175.18 1927.54
35.65 -175.07 1927.38
35.58 -174.96 1927.23
35.51 -174.85 1927.08
35.44 -174.74 1926.93
35.38 -174.63 1926.78
35.31 -174.51 1926.63
35.25 -174.40 1926.48
35.18 -174.28 1926.33
35.12 -174.17 1926.18
35.05 -174.05 1926.03
34.99 -173.94 1925.87
34.92 -173.83 1925.72
34.86 -173.73 1925.56
34.80 -173.63 1925.40
34.74 -173.53 1925.24
34.67 -173.43 1925.07
34.62 -173.34 1924.90
34.56 -173.26 1924.73
34.50 -173.18 1924.56
34.45 -173.11 1924.38
34.40 -173.04 1924.19
34.35 -172.98 1924.01
34.31 -172.93 1923.82
34.27 -172.88 1923.63
34.23 -172.84 1923.44
34.19 -172.80 1923.25
34.16 -172.77 1923.05
34.12 -172.74 1922.86
34.09 -172.71 1922.66
34.06 -172.69 1922.47
34.03 -172.68 1922.27
34.00 -172.66 1922.07
33.97 -172.65 1921.88
33.93 -172.63 1921.68
33.90 -172.62 1921.48
33.86 -172.61 1921.29
33.82 -172.60 1921.09
33.78 -172.59 1920.89
33.74 -172.58 1920.70
33.70 -172.57 1920.50
33.65 -172.55 1920.31
33.60 -172.54 1920.12
33.55 -172.53 1919.92
33.50 -172.51 1919.73
33.45 -172.50 1919.54
33.40 -172.48 1919.34
33.35 -172.47 1919.15
33.30 -172.46 1918.96
33.26 -172.44 1918.76
33.21 -172.43 1918.57
33.16 -172.42 1918.38
33.11 -172.42 1918.18
33.07 -172.41 1917.99
33.02 -172.41 1917.79
32.98 -172.41 1917.60
32.93 -172.42 1917.40
32.89 -172.43 1917.21
32.84 -172.44 1917.01
31.70 -192.87 1944.38
31.86 -192.81 1944.29
32.03 -192.74 1944.19
32.20 -192.68 1944.11
32.37 -192.62 1944.02
32.54 -192.56 1943.94
32.71 -192.50 1943.86
32.89 -192.44 1943.79
33.07 -192.39 1943.72
33.25 -192.33 1943.66
33.44 -192.28 1943.60
33.62 -192.22 1943.55
33.81 -192.17 1943.50
34.00 -192.12 1943.46
34.19 -192.07 1943.42
34.38 -192.02 1943.39
34.57 -191.97 1943.36
34.76 -191.92 1943.34
34.96 -191.87 1943.32
35.15 -191.82 1943.31
35.34 -191.77 1943.30
35.53 -191.72 1943.29
35.73 -191.67 1943.29
35.92 -191.62 1943.29
36.12 -191.56 1943.30
36.31 -191.51 1943.30
36.50 -191.46 1943.30
36.70 -191.41 1943.31
36.89 -191.36 1943.31
37.08 -191.31 1943.32
37.28 -191.27 1943.32
37.47 -191.22 1943.31
37.67 -191.17 1943.31
37.86 -191.13 1943.30
38.06 -191.09 1943.29
38.25 -191.05 1943.27
38.45 -191.01 1943.25
38.64 -190.97 1943.23
38.84 -190.94 1943.20
39.03 -190.91 1943.16
39.22 -190.88 1943.12
39.42 -190.85 1943.08
39.61 -190.82 1943.03
39.80 -190.80 1942.98
39.99 -190.78 1942.92
40.18 -190.76 1942.85
40.37 -190.74 1942.78
40.55 -190.73 1942.70
40.73 -190.71 1942.62
40.91 -190.70 1942.53
41.09 -190.68 1942.44
41.26 -190.66 1942.35
41.44 -190.64 1942.25
41.61 -190.62 1942.15
41.77 -190.60 1942.04
41.94 -190.57 1941.93
42.10 -190.54 1941.81
42.25 -190.51 1941.69
42.41 -190.47 1941.57
42.56 -190.43 1941.44
42.70 -190.38 1941.32
42.84 -190.32 1941.18
42.98 -190.26 1941.05
43.11 -190.20 1940.91
43.23 -190.13 1940.77
43.35 -190.05 1940.63
43.46 -189.97 1940.48
43.56 -189.88 1940.33
43.66 -189.79 1940.18
43.74 -189.70 1940.03
43.82 -189.60 1939.88
43.90 -189.50 1939.72
43.96 -189.39 1939.56
44.02 -189.29 1939.40
44.07 -189.18 1939.24
44.10 -189.07 1939.08
44.14 -188.95 1938.92
44.16 -188.84 1938.76
44.18 -188.72 1938.59
44.19 -188.61 1938.43
44.19 -188.49 1938.27
44.18 -188.38 1938.10
44.17 -188.26 1937.94
44.15 -188.14 1937.78
44.13 -188.03 1937.62
44.10 -187.91 1937.46
44.06 -187.79 1937.30
44.02 -187.67 1937.15
43.97 -187.55 1937.00
43.91 -187.43 1936.85
43.85 -187.31 1936.70
43.79 -187.19 1936.55
43.72 -187.07 1936.41
43.64 -186.94 1936.27
43.56 -186.82 1936.14
43.48 -186.70 1936.01
43.39 -186.57 1935.88
43.29 -186.45 1935.75
43.20 -186.32 1935.63
43.10 -186.19 1935.51
42.99 -186.07 1935.40
42.89 -185.94 1935.29
42.78 -185.81 1935.18
42.67 -185.69 1935.07
42.55 -185.56 1934.96
42.44 -185.43 1934.86
42.33 -185.30 1934.76
42.21 -185.17 1934.66
42.10 -185.04 1934.56
41.98 -184.91 1934.46
41.87 -184.78 1934.37
41.75 -184.64 1934.28
41.64 -184.50 1934.18
41.53 -184.37 1934.10
41.41 -184.22 1934.01
41.30 -184.08 1933.92
41.19 -183.94 1933.84
41.08 -183.79 1933.76
40.98 -183.64 1933.69
40.87 -183.48 1933.61
40.77 -183.33 1933.54
40.67 -183.17 1933.48
40.57 -183.01 1933.41
40.47 -182.84 1933.35
40.38 -182.68 1933.29
40.28 -182.51 1933.23
40.19 -182.34 1933.17
40.10 -182.18 1933.11
40.01 -182.01 1933.05
39.93 -181.83 1932.99
39.84 -181.66 1932.93
39.76 -181.49 1932.87
39.68 -181.32 1932.81
39.60 -181.15 1932.74
39.53 -180.98 1932.67
39.46 -180.81 1932.59
39.39 -180.64 1932.52
39.32 -180.47 1932.44
39.25 -180.30 1932.35
39.18 -180.13 1932.26
39.12 -179.97 1932.17
39.06 -179.80 1932.08
39.00 -179.64 1931.98
38.93 -179.48 1931.88
38.87 -179.31 1931.78
38.81 -179.16 1931.67
38.75 -179.00 1931.57
38.68 -178.84 1931.46
38.62 -178.69 1931.35
38.55 -178.53 1931.24
38.48 -178.38 1931.14
38.40 -178.23 1931.03
38.32 -178.09 1930.92
38.24 -177.94 1930.80
38.15 -177.80 1930.69
38.05 -177.66 1930.58
37.96 -177.53 1930.47
37.85 -177.40 1930.36
37.75 -177.27 1930.25
37.64 -177.15 1930.13
37.53 -177.03 1930.02
37.42 -176.91 1929.90
37.30 -176.80 1929.78
37.19 -176.69 1929.66
37.07 -176.58 1929.54
36.96 -176.48 1929.41
36.85 -176.37 1929.28
36.74 -176.27 1929.15
36.63 -176.18 1929.01
36.52 -176.08 1928.87
36.42 -175.98 1928.73
36.32 -175.88 1928.59
36.22 -175.79 1928.44
36.13 -175.69 1928.29
36.04 -175.59 1928.14
35.96 -175.49 1927.99
35.88 -175.39 1927.84
35.80 -175.28 1927.69
35.72 -175.18 1927.54
35.65 -175.07 1927.38
35.58 -174.96 1927.23
35.51 -174.85 1927.08
35.44 -174.74 1926.93
35.38 -174.63 1926.78
35.31 -174.51 1926.63
35.25 -174.40 1926.48
35.18 -174.28 1926.33
35.12 -174.17 1926.18
35.05 -174.05 1926.03
34.99 -173.94 1925.87
34.92 -173.83 1925.72
34.86 -173.73 1925.56
34.80 -173.63 1925.40
34.74 -173.53 1925.24
34.67 -173.43 1925.07
34.62 -173.34 1924.90
34.56 -173.26 1924.73
34.50 -173.18 1924.56
34.45 -173.11 1924.38
34.40 -173.04 1924.19
34.35 -172.98 1924.01
34.31 -172.93 1923.82
34.27 -172.88 1923.63
34.23 -172.84 1923.44
34.19 -172.80 1923.25
34.16 -172.77 1923.05
34.12 -172.74 1922.86
34.09 -172.71 1922.66
34.06 -172.69 1922.47
34.03 -172.68 1922.27
34.00 -172.66 1922.07
33.97 -172.65 1921.88
33.93 -172.63 1921.68
33.90 -172.62 1921.48
33.86 -172.61 1921.29
33.82 -172.60 1921.09
33.78 -172.59 1920.89
33.74 -172.58 1920.70
33.70 -172.57 1920.50
33.65 -172.55 1920.31
33.60 -172.54 1920.12
33.55 -172.53 1919.92
33.50 -172.51 1919.73
33.45 -172.50 1919.54
33.40 -172.48 1919.34
33.35 -172.47 1919.15
33.30 -172.46 1918.96
33.26 -172.44 1918.76
33.21 -172.43 1918.57
33.16 -172.42 1918.38
33.11 -172.42 1918.18
33.07 -172.41 1917.99
33.02 -172.41 1917.79
32.98 -172.41 1917.60
32.93 -172.42 1917.40
32.89 -172.43 1917.21
32.84 -172.44 1917.01
32.80 -172.45 1916.82
32.75 -172.48 1916.63
32.70 -172.50 1916.43
32.66 -172.53 1916.24
32.60 -172.56 1916.05
32.55 -172.60 1915.86
32.49 -172.64 1915.68
32.43 -172.69 1915.49
32.37 -172.73 1915.31
32.30 -172.78 1915.12
32.23 -172.84 1914.94
32.16 -172.89 1914.76
32.09 -172.95 1914.59
32.02 -173.01 1914.41
31.94 -173.07 1914.23
31.87 -173.13 1914.06
31.79 -173.19 1913.89
31.72 -173.26 1913.71
31.64 -173.33 1913.54
31.56 -173.40 1913.37
31.49 -173.47 1913.20
31.41 -173.55 1913.03
31.34 -173.63 1912.87
31.26 -173.71 1912.70
31.19 -173.80 1912.53
31.12 -173.89 1912.37
31.04 -173.98 1912.21
30.97 -174.08 1912.05
30.90 -174.18 1911.89
28.74 -195.46 1948.42
28.78 -195.35 1948.25
28.81 -195.24 1948.09
28.86 -195.14 1947.93
28.90 -195.03 1947.76
28.95 -194.92 1947.60
29.01 -194.82 1947.44
29.07 -194.71 1947.28
29.13 -194.61 1947.12
29.21 -194.51 1946.96
29.28 -194.41 1946.81
29.37 -194.32 1946.66
29.46 -194.22 1946.50
29.55 -194.13 1946.36
29.65 -194.04 1946.21
29.76 -193.95 1946.06
29.87 -193.86 1945.92
29.99 -193.78 1945.79
30.11 -193.69 1945.65
30.24 -193.61 1945.52
30.37 -193.53 1945.39
30.50 -193.45 1945.27
30.64 -193.37 1945.14
30.78 -193.30 1945.02
30.93 -193.22 1944.91
31.07 -193.15 1944.80
31.23 -193.08 1944.69
31.38 -193.01 1944.58
31.54 -192.94 1944.48
31.70 -192.87 1944.38
31.86 -192.81 1944.29
32.03 -192.74 1944.19
32.20 -192.68 1944.11
32.37 -192.62 1944.02
32.54 -192.56 1943.94
32.71 -192.50 1943.86
32.89 -192.44 1943.79
33.07 -192.39 1943.72
33.25 -192.33 1943.66
33.44 -192.28 1943.60
33.62 -192.22 1943.55
33.81 -192.17 1943.50
34.00 -192.12 1943.46
34.19 -192.07 1943.42
34.38 -192.02 1943.39
34.57 -191.97 1943.36
34.76 -191.92 1943.34
34.96 -191.87 1943.32
35.15 -191.82 1943.31
35.34 -191.77 1943.30
35.53 -191.72 1943.29
35.73 -191.67 1943.29
35.92 -191.62 1943.29
36.12 -191.56 1943.30
36.31 -191.51 1943.30
36.50 -191.46 1943.30
36.70 -191.41 1943.31
36.89 -191.36 1943.31
37.08 -191.31 1943.32
37.28 -191.27 1943.32
37.47 -191.22 1943.31
37.67 -191.17 1943.31
37.86 -191.13 1943.30
38.06 -191.09 1943.29
38.25 -191.05 1943.27
38.45 -191.01 1943.25
38.64 -190.97 1943.23
38.84 -190.94 1943.20
39.03 -190.91 1943.16
39.22 -190.88 1943.12
39.42 -190.85 1943.08
39.61 -190.82 1943.03
39.80 -190.80 1942.98
39.99 -190.78 1942.92
40.18 -190.76 1942.85
40.37 -190.74 1942.78
40.55 -190.73 1942.70
40.73 -190.71 1942.62
40.91 -190.70 1942.53
41.09 -190.68 1942.44
41.26 -190.66 1942.35
41.44 -190.64 1942.25
41.61 -190.62 1942.15
41.77 -190.60 1942.04
41.94 -190.57 1941.93
42.10 -190.54 1941.81
42.25 -190.51 1941.69
42.41 -190.47 1941.57
42.56 -190.43 1941.44
42.70 -190.38 1941.32
42.84 -190.32 1941.18
42.98 -190.26 1941.05
43.11 -190.20 1940.91
43.23 -190.13 1940.77
43.35 -190.05 1940.63
43.46 -189.97 1940.48
43.56 -189.88 1940.33
43.66 -189.79 1940.18
43.74 -189.70 1940.03
43.82 -189.60 1939.88
43.90 -189.50 1939.72
43.96 -189.39 1939.56
44.02 -189.29 1939.40
44.07 -189.18 1939.24
44.10 -189.07 1939.08
44.14 -188.95 1938.92
44.16 -188.84 1938.76
44.18 -188.72 1938.59
44.19 -188.61 1938.43
44.19 -188.49 1938.27
44.18 -188.38 1938.10
44.17 -188.26 1937.94
44.15 -188.14 1937.78
44.13 -188.03 1937.62
44.10 -187.91 1937.46
44.06 -187.79 1937.30
44.02 -187.67 1937.15
43.97 -187.55 1937.00
43.91 -187.43 1936.85
43.85 -187.31 1936.70
43.79 -187.19 1936.55
43.72 -187.07 1936.41
43.64 -186.94 1936.27
43.56 -186.82 1936.14
43.48 -186.70 1936.01
43.39 -186.57 1935.88
43.29 -186.45 1935.75
43.20 -186.32 1935.63
43.10 -186.19 1935.51
42.99 -186.07 1935.40
42.89 -185.94 1935.29
42.78 -185.81 1935.18
42.67 -185.69 1935.07
42.55 -185.56 1934.96
42.44 -185.43 1934.86
42.33 -185.30 1934.76
42.21 -185.17 1934.66
42.10 -185.04 1934.56
41.98 -184.91 1934.46
41.87 -184.78 1934.37
41.75 -184.64 1934.28
41.64 -184.50 1934.18
41.53 -184.37 1934.10
41.41 -184.22 1934.01
41.30 -184.08 1933.92
41.19 -183.94 1933.84
41.08 -183.79 1933.76
40.98 -183.64 1933.69
40.87 -183.48 1933.61
40.77 -183.33 1933.54
40.67 -183.17 1933.48
40.57 -183.01 1933.41
40.47 -182.84 1933.35
40.38 -182.68 1933.29
40.28 -182.51 1933.23
40.19 -182.34 1933.17
40.10 -182.18 1933.11
40.01 -182.01 1933.05
39.93 -181.83 1932.99
39.84 -181.66 1932.93
39.76 -181.49 1932.87
39.68 -181.32 1932.81
39.60 -181.15 1932.74
39.53 -180.98 1932.67
39.46 -180.81 1932.59
39.39 -180.64 1932.52
39.32 -180.47 1932.44
39.25 -180.30 1932.35
39.18 -180.13 1932.26
39.12 -179.97 1932.17
39.06 -179.80 1932.08
39.00 -179.64 1931.98
38.93 -179.48 1931.88
38.87 -179.31 1931.78
38.81 -179.16 1931.67
38.75 -179.00 1931.57
38.68 -178.84 1931.46
38.62 -178.69 1931.35
38.55 -178.53 1931.24
38.48 -178.38 1931.14
38.40 -178.23 1931.03
38.32 -178.09 1930.92
38.24 -177.94 1930.80
38.15 -177.80 1930.69
38.05 -177.66 1930.58
37.96 -177.53 1930.47
37.85 -177.40 1930.36
37.75 -177.27 1930.25
37.64 -177.15 1930.13
37.53 -177.03 1930.02
37.42 -176.91 1929.90
37.30 -176.80 1929.78
37.19 -176.69 1929.66
37.07 -176.58 1929.54
36.96 -176.48 1929.41
36.85 -176.37 1929.28
36.74 -176.27 1929.15
36.63 -176.18 1929.01
36.52 -176.08 1928.87
36.42 -175.98 1928.73
36.32 -175.88 1928.59
36.22 -175.79 1928.44
36.13 -175.69 1928.29
36.04 -175.59 1928.14
35.96 -175.49 1927.99
35.88 -175.39 1927.84
35.80 -175.28 1927.69
35.72 -175.18 1927.54
35.65 -175.07 1927.38
35.58 -174.96 1927.23
35.51 -174.85 1927.08
35.44 -174.74 1926.93
35.38 -174.63 1926.78
35.31 -174.51 1926.63
35.25 -174.40 1926.48
35.18 -174.28 1926.33
35.12 -174.17 1926.18
35.05 -174.05 1926.03
34.99 -173.94 1925.87
34.92 -173.83 1925.72
34.86 -173.73 1925.56
34.80 -173.63 1925.40
34.74 -173.53 1925.24
34.67 -173.43 1925.07
34.62 -173.34 1924.90
34.56 -173.26 1924.73
34.50 -173.18 1924.56
34.45 -173.11 1924.38
34.40 -173.04 1924.19
34.35 -172.98 1924.01
34.31 -172.93 1923.82
34.27 -172.88 1923.63
34.23 -172.84 1923.44
34.19 -172.80 1923.25
34.16 -172.77 1923.05
34.12 -172.74 1922.86
34.09 -172.71 1922.66
34.06 -172.69 1922.47
34.03 -172.68 1922.27
34.00 -172.66 1922.07
33.97 -172.65 1921.88
33.93 -172.63 1921.68
33.90 -172.62 1921.48
33.86 -172.61 1921.29
33.82 -172.60 1921.09
33.78 -172.59 1920.89
33.74 -172.58 1920.70
33.70 -172.57 1920.50
33.65 -172.55 1920.31
33.60 -172.54 1920.12
33.55 -172.53 1919.92
33.50 -172.51 1919.73
33.45 -172.50 1919.54
33.40 -172.48 1919.34
33.35 -172.47 1919.15
33.30 -172.46 1918.96
33.26 -172.44 1918.76
33.21 -172.43 1918.57
33.16 -172.42 1918.38
33.11 -172.42 1918.18
33.07 -172.41 1917.99
33.02 -172.41 1917.79
32.98 -172.41 1917.60
32.93 -172.42 1917.40
32.89 -172.43 1917.21
32.84 -172.44 1917.01
28.74 -195.46 1948.42
28.78 -195.35 1948.25
28.81 -195.24 1948.09
28.86 -195.14 1947.93
28.90 -195.03 1947.76
28.95 -194.92 1947.60
29.01 -194.82 1947.44
29.07 -194.71 1947.28
29.13 -194.61 1947.12
29.21 -194.51 1946.96
29.28 -194.41 1946.81
29.37 -194.32 1946.66
29.46 -194.22 1946.50
29.55 -194.13 1946.36
29.65 -194.04 1946.21
29.76 -193.95 1946.06
29.87 -193.86 1945.92
29.99 -193.78 1945.79
30.11 -193.69 1945.65
30.24 -193.61 1945.52
30.37 -193.53 1945.39
30.50 -193.45 1945.27
30.64 -193.37 1945.14
30.78 -193.30 1945.02
30.93 -193.22 1944.91
31.07 -193.15 1944.80
31.23 -193.08 1944.69
31.38 -193.01 1944.58
31.54 -192.94 1944.48
31.70 -192.87 1944.38
31.86 -192.81 1944.29
32.03 -192.74 1944.19
32.20 -192.68 1944.11
32.37 -192.62 1944.02
32.54 -192.56 1943.94
32.71 -192.50 1943.86
32.89 -192.44 1943.79
33.07 -192.39 1943.72
33.25 -192.33 1943.66
33.44 -192.28 1943.60
33.62 -192.22 1943.55
33.81 -192.17 1943.50
34.00 -192.12 1943.46
34.19 -192.07 1943.42
34.38 -192.02 1943.39
34.57 -191.97 1943.36
34.76 -191.92 1943.34
34.96 -191.87 1943.32
35.15 -191.82 1943.31
35.34 -191.77 1943.30
35.53 -191.72 1943.29
35.73 -191.67 1943.29
35.92 -191.62 1943.29
36.12 -191.56 1943.30
36.31 -191.51 1943.30
36.50 -191.46 1943.30
36.70 -191.41 1943.31
36.89 -191.36 1943.31
37.08 -191.31 1943.32
37.28 -191.27 1943.32
37.47 -191.22 1943.31
37.67 -191.17 1943.31
37.86 -191.13 1943.30
38.06 -191.09 1943.29
38.25 -191.05 1943.27
38.45 -191.01 1943.25
38.64 -190.97 1943.23
38.84 -190.94 1943.20
39.03 -190.91 1943.16
39.22 -190.88 1943.12
39.42 -190.85 1943.08
39.61 -190.82 1943.03
39.80 -190.80 1942.98
39.99 -190.78 1942.92
40.18 -190.76 1942.85
40.37 -190.74 1942.78
40.55 -190.73 1942.70
40.73 -190.71 1942.62
40.91 -190.70 1942.53
41.09 -190.68 1942.44
41.26 -190.66 1942.35
41.44 -190.64 1942.25
41.61 -190.62 1942.15
41.77 -190.60 1942.04
41.94 -190.57 1941.93
42.10 -190.54 1941.81
42.25 -190.51 1941.69
42.41 -190.47 1941.57
42.56 -190.43 1941.44
42.70 -190.38 1941.32
42.84 -190.32 1941.18
42.98 -190.26 1941.05
43.11 -190.20 1940.91
43.23 -190.13 1940.77
43.35 -190.05 1940.63
43.46 -189.97 1940.48
43.56 -189.88 1940.33
43.66 -189.79 1940.18
43.74 -189.70 1940.03
43.82 -189.60 1939.88
43.90 -189.50 1939.72
43.96 -189.39 1939.56
44.02 -189.29 1939.40
44.07 -189.18 1939.24
44.10 -189.07 1939.08
44.14 -188.95 1938.92
44.16 -188.84 1938.76
44.18 -188.72 1938.59
44.19 -188.61 1938.43
44.19 -188.49 1938.27
44.18 -188.38 1938.10
44.17 -188.26 1937.94
44.15 -188.14 1937.78
44.13 -188.03 1937.62
44.10 -187.91 1937.46
44.06 -187.79 1937.30
44.02 -187.67 1937.15
43.97 -187.55 1937.00
43.91 -187.43 1936.85
43.85 -187.31 1936.70
43.79 -187.19 1936.55
43.72 -187.07 1936.41
43.64 -186.94 1936.27
43.56 -186.82 1936.14
43.48 -186.70 1936.01
43.39 -186.57 1935.88
43.29 -186.45 1935.75
43.20 -186.32 1935.63
43.10 -186.19 1935.51
42.99 -186.07 1935.40
42.89 -185.94 1935.29
42.78 -185.81 1935.18
42.67 -185.69 1935.07
42.55 -185.56 1934.96
42.44 -185.43 1934.86
42.33 -185.30 1934.76
42.21 -185.17 1934.66
42.10 -185.04 1934.56
41.98 -184.91 1934.46
41.87 -184.78 1934.37
41.75 -184.64 1934.28
41.64 -184.50 1934.18
41.53 -184.37 1934.10
41.41 -184.22 1934.01
41.30 -184.08 1933.92
41.19 -183.94 1933.84
41.08 -183.79 1933.76
40.98 -183.64 1933.69
40.87 -183.48 1933.61
40.77 -183.33 1933.54
40.67 -183.17 1933.48
40.57 -183.01 1933.41
40.47 -182.84 1933.35
40.38 -182.68 1933.29
40.28 -182.51 1933.23
40.19 -182.34 1933.17
40.10 -182.18 1933.11
40.01 -182.01 1933.05
39.93 -181.83 1932.99
39.84 -181.66 1932.93
39.76 -181.49 1932.87
39.68 -181.32 1932.81
39.60 -181.15 1932.74
39.53 -180.98 1932.67
39.46 -180.81 1932.59
39.39 -180.64 1932.52
39.32 -180.47 1932.44
39.25 -180.30 1932.35
39.18 -180.13 1932.26
39.12 -179.97 1932.17
39.06 -179.80 1932.08
39.00 -179.64 1931.98
38.93 -179.48 1931.88
38.87 -179.31 1931.78
38.81 -179.16 1931.67
38.75 -179.00 1931.57
38.68 -178.84 1931.46
38.62 -178.69 1931.35
38.55 -178.53 1931.24
38.48 -178.38 1931.14
38.40 -178.23 1931.03
38.32 -178.09 1930.92
38.24 -177.94 1930.80
38.15 -177.80 1930.69
38.05 -177.66 1930.58
37.96 -177.53 1930.47
37.85 -177.40 1930.36
37.75 -177.27 1930.25
37.64 -177.15 1930.13
37.53 -177.03 1930.02
37.42 -176.91 1929.90
37.30 -176.80 1929.78
37.19 -176.69 1929.66
37.07 -176.58 1929.54
36.96 -176.48 1929.41
36.85 -176.37 1929.28
36.74 -176.27 1929.15
36.63 -176.18 1929.01
36.52 -176.08 1928.87
36.42 -175.98 1928.73
36.32 -175.88 1928.59
36.22 -175.79 1928.44
36.13 -175.69 1928.29
36.04 -175.59 1928.14
35.96 -175.49 1927.99
35.88 -175.39 1927.84
35.80 -175.28 1927.69
35.72 -175.18 1927.54
35.65 -175.07 1927.38
35.58 -174.96 1927.23
35.51 -174.85 1927.08
35.44 -174.74 1926.93
35.38 -174.63 1926.78
35.31 -174.51 1926.63
35.25 -174.40 1926.48
35.18 -174.28 1926.33
35.12 -174.17 1926.18
35.05 -174.05 1926.03
34.99 -173.94 1925.87
34.92 -173.83 1925.72
34.86 -173.73 1925.56
34.80 -173.63 1925.40
34.74 -173.53 1925.24
34.67 -173.43 1925.07
34.62 -173.34 1924.90
34.56 -173.26 1924.73
34.50 -173.18 1924.56
34.45 -173.11 1924.38
34.40 -173.04 1924.19
34.35 -172.98 1924.01
34.31 -172.93 1923.82
34.27 -172.88 1923.63
34.23 -172.84 1923.44
34.19 -172.80 1923.25
34.16 -172.77 1923.05
34.12 -172.74 1922.86
34.09 -172.71 1922.66
34.06 -172.69 1922.47
34.03 -172.68 1922.27
34.00 -172.66 1922.07
33.97 -172.65 1921.88
33.93 -172.63 1921.68
33.90 -172.62 1921.48
33.86 -172.61 1921.29
33.82 -172.60 1921.09
33.78 -172.59 1920.89
33.74 -172.58 1920.70
33.70 -172.57 1920.50
33.65 -172.55 1920.31
33.60 -172.54 1920.12
33.55 -172.53 1919.92
33.50 -172.51 1919.73
33.45 -172.50 1919.54
33.40 -172.48 1919.34
33.35 -172.47 1919.15
33.30 -172.46 1918.96
33.26 -172.44 1918.76
33.21 -172.43 1918.57
33.16 -172.42 1918.38
33.11 -172.42 1918.18
33.07 -172.41 1917.99
33.02 -172.41 1917.79
32.98 -172.41 1917.60
32.93 -172.42 1917.40
32.89 -172.43 1917.21
32.84 -172.44 1917.01
44.04 -199.76 1736.81
44.18 -199.88 1736.75
44.32 -200.01 1736.68
44.47 -200.13 1736.62
44.61 -200.25 1736.56
44.76 -200.37 1736.51
44.91 -200.49 1736.45
45.07 -200.61 1736.41
45.22 -200.73 1736.36
45.38 -200.84 1736.31
45.54 -200.96 1736.27
45.70 -201.07 1736.23
45.86 -201.18 1736.19
46.02 -201.29 1736.16
46.19 -201.40 1736.12
46.35 -201.51 1736.08
46.51 -201.62 1736.05
46.68 -201.73 1736.01
46.84 -201.83 1735.97
47.01 -201.93 1735.93
47.18 -202.03 1735.88
47.35 -202.13 1735.84
47.52 -202.22 1735.79
47.69 -202.31 1735.74
47.87 -202.39 1735.69
48.04 -202.47 1735.63
48.22 -202.54 1735.58
48.40 -202.61 1735.52
48.58 -202.67 1735.47
48.76 -202.73 1735.41
48.95 -202.78 1735.35
49.13 -202.83 1735.30
49.32 -202.88 1735.24
49.51 -202.92 1735.18
49.70 -202.97 1735.13
49.88 -203.00 1735.08
50.07 -203.04 1735.02
50.26 -203.08 1734.97
50.45 -203.11 1734.91
50.64 -203.14 1734.86
50.83 -203.17 1734.80
51.02 -203.21 1734.74
51.21 -203.24 1734.68
51.39 -203.27 1734.62
51.58 -203.30 1734.55
51.76 -203.35 1734.47
51.94 -203.40 1734.40
52.12 -203.44 1734.32
52.29 -203.49 1734.24
52.47 -203.54 1734.17
52.65 -203.59 1734.09
52.83 -203.63 1734.01
53.01 -203.68 1733.93
53.18 -203.73 1733.86
53.36 -203.77 1733.78
53.54 -203.82 1733.70
53.72 -203.87 1733.62
53.90 -203.92 1733.55
54.09 -203.96 1733.50
54.28 -204.01 1733.46
54.47 -204.05 1733.43
54.66 -204.10 1733.40
54.86 -204.14 1733.38
55.05 -204.19 1733.36
55.24 -204.24 1733.35
55.43 -204.30 1733.34
55.63 -204.35 1733.34
55.82 -204.41 1733.34
56.01 -204.47 1733.34
56.20 -204.54 1733.35
56.37 -204.64 1733.36
56.54 -204.74 1733.37
56.70 -204.86 1733.38
56.85 -204.99 1733.39
57.00 -205.13 1733.39
57.13 -205.28 1733.40
57.26 -205.43 1733.40
57.38 -205.59 1733.40
57.49 -205.76 1733.39
57.60 -205.93 1733.38
57.70 -206.10 1733.37
57.80 -206.27 1733.34
57.90 -206.44 1733.32
57.99 -206.62 1733.29
58.08 -206.79 1733.25
58.16 -206.97 1733.21
58.25 -207.14 1733.15
58.33 -207.31 1733.09
58.41 -207.48 1733.02
58.49 -207.65 1732.94
58.59 -207.81 1732.87
58.68 -207.97 1732.80
58.79 -208.12 1732.73
58.91 -208.28 1732.68
59.03 -208.43 1732.64
59.16 -208.57 1732.60
59.30 -208.72 1732.58
59.44 -208.86 1732.57
59.58 -209.00 1732.58
59.73 -209.14 1732.59
59.87 -209.27 1732.61
60.02 -209.41 1732.64
60.16 -209.55 1732.68
60.30 -209.68 1732.72
60.44 -209.82 1732.76
60.58 -209.95 1732.81
60.72 -210.09 1732.86
60.85 -210.23 1732.90
60.99 -210.37 1732.95
61.13 -210.51 1732.99
61.26 -210.65 1733.02
61.41 -210.79 1733.05
61.55 -210.93 1733.07
61.70 -211.06 1733.08
61.85 -211.19 1733.09
62.00 -211.32 1733.09
62.16 -211.44 1733.08
62.32 -211.56 1733.07
62.49 -211.67 1733.06
62.66 -211.77 1733.03
62.83 -211.87 1733.01
63.00 -211.96 1732.98
63.18 -212.05 1732.95
63.36 -212.14 1732.92
63.54 -212.23 1732.89
63.71 -212.31 1732.86
63.89 -212.40 1732.82
64.07 -212.48 1732.79
64.24 -212.57 1732.75
64.42 -212.67 1732.71
64.59 -212.77 1732.67
64.75 -212.87 1732.63
64.91 -212.98 1732.59
65.07 -213.10 1732.55
65.22 -213.22 1732.50
65.37 -213.35 1732.45
65.50 -213.48 1732.40
65.64 -213.62 1732.35
65.76 -213.77 1732.29
65.88 -213.92 1732.23
66.00 -214.07 1732.17
66.11 -214.22 1732.10
66.22 -214.37 1732.03
66.32 -214.52 1731.95
66.42 -214.67 1731.87
66.52 -214.82 1731.78
66.62 -214.97 1731.69
66.73 -215.11 1731.59
66.83 -215.25 1731.49
66.93 -215.38 1731.38
67.03 -215.52 1731.27
67.13 -215.64 1731.15
67.23 -215.77 1731.03
67.33 -215.88 1730.90
67.43 -216.00 1730.77
67.52 -216.12 1730.64
67.61 -216.23 1730.50
67.71 -216.34 1730.37
67.79 -216.46 1730.23
67.88 -216.57 1730.09
67.95 -216.69 1729.95
68.02 -216.82 1729.81
68.09 -216.94 1729.67
68.15 -217.08 1729.53
68.21 -217.22 1729.40
68.26 -217.36 1729.28
68.31 -217.52 1729.16
68.35 -217.68 1729.05
68.39 -217.85 1728.94
68.42 -218.02 1728.85
68.45 -218.19 1728.76
68.48 -218.38 1728.68
68.51 -218.56 1728.61
68.54 -218.75 1728.54
68.57 -218.94 1728.48
68.60 -219.13 1728.43
68.63 -219.31 1728.37
68.67 -219.50 1728.32
68.71 -219.69 1728.27
68.75 -219.88 1728.21
68.80 -220.07 1728.16
68.84 -220.25 1728.10
68.90 -220.43 1728.03
68.95 -220.61 1727.97
69.01 -220.79 1727.89
69.07 -220.96 1727.81
69.13 -221.13 1727.72
69.19 -221.30 1727.63
69.25 -221.46 1727.53
69.31 -221.63 1727.43
69.37 -221.78 1727.32
69.42 -221.94 1727.21
69.48 -222.09 1727.09
69.53 -222.24 1726.97
69.59 -222.39 1726.85
69.64 -222.54 1726.73
69.69 -222.70 1726.61
69.73 -222.85 1726.49
69.78 -223.01 1726.38
69.82 -223.16 1726.26
69.87 -223.32 1726.15
69.91 -223.49 1726.04
69.96 -223.65 1725.94
70.00 -223.82 1725.84
70.05 -223.98 1725.74
70.10 -224.15 1725.65
70.15 -224.32 1725.55
70.21 -224.49 1725.47
70.27 -224.66 1725.38
70.33 -224.83 1725.29
70.40 -225.00 1725.20
70.47 -225.16 1725.11
70.55 -225.32 1725.02
70.64 -225.48 1724.93
70.72 -225.63 1724.83
70.82 -225.77 1724.72
70.92 -225.91 1724.62
71.02 -226.04 1724.50
71.12 -226.16 1724.38
71.23 -226.27 1724.26
71.34 -226.38 1724.13
71.45 -226.48 1724.00
71.56 -226.58 1723.87
71.67 -226.67 1723.73
71.78 -226.76 1723.58
71.89 -226.84 1723.44
72.00 -226.93 1723.29
72.10 -227.01 1723.14
72.20 -227.10 1722.99
72.30 -227.19 1722.84
72.40 -227.28 1722.69
72.49 -227.37 1722.55
72.58 -227.47 1722.40
72.67 -227.57 1722.25
72.76 -227.68 1722.11
72.85 -227.79 1721.97
72.94 -227.91 1721.83
73.02 -228.03 1721.70
73.11 -228.15 1721.56
73.20 -228.27 1721.43
73.30 -228.39 1721.30
73.40 -228.51 1721.18
73.50 -228.63 1721.05
73.61 -228.74 1720.93
73.73 -228.85 1720.81
73.85 -228.95 1720.69
73.97 -229.05 1720.57
74.11 -229.14 1720.45
74.24 -229.22 1720.33
74.39 -229.30 1720.21
74.53 -229.37 1720.09
74.68 -229.44 1719.98
74.83 -229.51 1719.86
74.98 -229.57 1719.74
75.13 -229.64 1719.63
75.28 -229.70 1719.51
75.42 -229.77 1719.40
75.57 -229.85 1719.28
75.71 -229.93 1719.16
75.84 -230.03 1719.05
75.96 -230.13 1718.93
76.07 -230.25 1718.81
76.17 -230.39 1718.70
76.24 -230.54 1718.59
76.29 -230.70 1718.49
76.33 -230.87 1718.38
76.36 -231.04 1718.28
76.37 -231.21 1718.19
76.37 -231.39 1718.09
76.36 -231.56 1717.99
76.35 -231.73 1717.89
76.33 -231.90 1717.78
76.31 -232.07 1717.67
76.30 -232.22 1717.55
76.28 -232.38 1717.42
76.27 -232.52 1717.28
76.27 -232.65 1717.13
76.28 -232.77 1716.97
76.29 -232.88 1716.80
76.32 -232.97 1716.62
76.36 -233.05 1716.45
76.40 -233.12 1716.26
76.44 -233.19 1716.08
76.49 -233.26 1715.90
76.54 -233.32 1715.71
32.96 -193.40 1852.32
33.07 -193.28 1852.20
33.18 -193.16 1852.09
33.29 -193.04 1851.97
33.41 -192.92 1851.86
33.52 -192.80 1851.75
33.64 -192.68 1851.64
33.76 -192.56 1851.54
33.89 -192.44 1851.44
34.01 -192.33 1851.34
34.14 -192.21 1851.24
34.27 -192.09 1851.15
34.41 -191.97 1851.06
34.54 -191.85 1850.97
34.68 -191.73 1850.89
34.81 -191.60 1850.81
34.95 -191.48 1850.74
35.09 -191.35 1850.67
35.23 -191.22 1850.61
35.37 -191.09 1850.55
35.51 -190.96 1850.50
35.65 -190.82 1850.45
35.78 -190.68 1850.41
35.92 -190.54 1850.37
36.05 -190.39 1850.33
36.18 -190.25 1850.29
36.31 -190.10 1850.26
36.43 -189.94 1850.23
36.56 -189.79 1850.20
36.68 -189.63 1850.17
36.79 -189.47 1850.15
36.91 -189.31 1850.13
37.02 -189.14 1850.10
37.13 -188.97 1850.08
37.23 -188.80 1850.06
37.33 -188.63 1850.04
37.43 -188.46 1850.01
37.53 -188.29 1849.99
37.62 -188.11 1849.97
37.71 -187.94 1849.94
37.80 -187.76 1849.92
37.89 -187.58 1849.89
37.97 -187.40 1849.87
38.05 -187.22 1849.84
38.13 -187.04 1849.81
38.21 -186.86 1849.78
38.28 -186.68 1849.74
38.36 -186.49 1849.71
38.43 -186.31 1849.67
38.51 -186.13 1849.63
38.58 -185.95 1849.59
38.65 -185.77 1849.55
38.73 -185.58 1849.51
38.80 -185.40 1849.47
38.87 -185.22 1849.42
38.94 -185.04 1849.38
39.02 -184.86 1849.33
39.09 -184.68 1849.29
39.16 -184.50 1849.24
39.23 -184.32 1849.19
39.30 -184.14 1849.15
39.37 -183.96 1849.10
39.45 -183.77 1849.06
39.52 -183.59 1849.01
39.59 -183.41 1848.96
39.66 -183.23 1848.92
39.73 -183.05 1848.87
39.80 -182.87 1848.83
39.87 -182.69 1848.78
39.94 -182.50 1848.74
40.01 -182.32 1848.69
40.08 -182.14 1848.65
40.15 -181.96 1848.61
40.21 -181.77 1848.56
40.28 -181.59 1848.52
40.35 -181.41 1848.47
40.42 -181.23 1848.42
40.49 -181.04 1848.38
40.56 -180.86 1848.33
40.63 -180.68 1848.28
40.70 -180.50 1848.24
40.77 -180.32 1848.19
40.84 -180.14 1848.14
40.92 -179.96 1848.09
40.99 -179.79 1848.03
41.07 -179.61 1847.98
41.15 -179.43 1847.93
41.23 -179.26 1847.87
41.31 -179.09 1847.81
41.40 -178.91 1847.75
41.48 -178.74 1847.70
41.57 -178.57 1847.63
41.66 -178.40 1847.57
41.74 -178.24 1847.51
41.83 -178.07 1847.44
41.92 -177.90 1847.38
42.01 -177.74 1847.31
42.11 -177.57 1847.24
42.20 -177.41 1847.17
42.28 -177.25 1847.10
42.37 -177.08 1847.03
42.46 -176.92 1846.95
42.55 -176.76 1846.87
42.63 -176.59 1846.79
42.71 -176.43 1846.71
42.79 -176.27 1846.63
42.87 -176.10 1846.54
42.94 -175.94 1846.45
43.01 -175.77 1846.36
43.08 -175.61 1846.27
43.14 -175.45 1846.17
43.20 -175.29 1846.07
43.26 -175.13 1845.97
43.31 -174.97 1845.86
43.36 -174.81 1845.75
43.41 -174.65 1845.64
43.45 -174.49 1845.52
43.49 -174.34 1845.39
43.52 -174.19 1845.27
43.55 -174.04 1845.14
43.58 -173.89 1845.01
43.61 -173.75 1844.87
43.64 -173.61 1844.73
43.66 -173.48 1844.58
43.68 -173.34 1844.43
43.70 -173.21 1844.28
43.72 -173.09 1844.13
43.74 -172.96 1843.97
43.76 -172.85 1843.81
43.77 -172.73 1843.65
43.79 -172.62 1843.49
43.81 -172.51 1843.32
43.83 -172.40 1843.15
43.85 -172.30 1842.98
43.86 -172.20 1842.81
43.87 -172.11 1842.63
43.87 -172.02 1842.45
43.86 -171.94 1842.27
43.84 -171.86 1842.08
43.82 -171.79 1841.90
43.80 -171.73 1841.71
43.77 -171.67 1841.52
43.73 -171.62 1841.33
43.69 -171.57 1841.14
43.64 -171.54 1840.95
43.59 -171.50 1840.76
43.53 -171.48 1840.57
43.47 -171.46 1840.38
43.40 -171.44 1840.19
43.33 -171.44 1840.01
43.25 -171.45 1839.82
43.17 -171.46 1839.64
43.08 -171.48 1839.46
42.99 -171.51 1839.29
42.89 -171.55 1839.12
42.79 -171.60 1838.95
42.68 -171.67 1838.80
42.57 -171.74 1838.65
42.46 -171.81 1838.50
42.35 -171.87 1838.34
42.24 -171.93 1838.18
42.14 -171.99 1838.02
42.04 -172.03 1837.86
41.93 -172.08 1837.69
41.84 -172.11 1837.52
41.74 -172.14 1837.34
41.65 -172.15 1837.17
41.57 -172.15 1836.98
41.50 -172.15 1836.80
41.43 -172.13 1836.61
41.36 -172.11 1836.42
41.31 -172.08 1836.23
41.26 -172.04 1836.04
41.21 -171.99 1835.85
41.17 -171.94 1835.66
41.14 -171.89 1835.47
41.11 -171.83 1835.28
41.09 -171.78 1835.09
41.07 -171.72 1834.90
41.05 -171.67 1834.71
41.03 -171.62 1834.52
41.01 -171.57 1834.33
40.99 -171.52 1834.13
40.97 -171.47 1833.94
40.96 -171.43 1833.75
40.94 -171.38 1833.55
40.93 -171.34 1833.36
40.91 -171.30 1833.16
40.90 -171.25 1832.97
40.90 -171.20 1832.77
40.89 -171.15 1832.58
40.89 -171.10 1832.39
40.90 -171.05 1832.19
40.90 -170.99 1832.00
40.92 -170.93 1831.81
40.94 -170.86 1831.63
40.96 -170.79 1831.44
41.00 -170.71 1831.26
41.03 -170.63 1831.08
41.08 -170.55 1830.90
41.12 -170.47 1830.73
41.18 -170.39 1830.55
41.23 -170.30 1830.38
41.29 -170.22 1830.21
41.35 -170.13 1830.03
41.41 -170.05 1829.86
41.47 -169.97 1829.69
41.53 -169.89 1829.52
41.60 -169.82 1829.34
41.66 -169.74 1829.17
41.72 -169.67 1828.99
41.77 -169.61 1828.81
41.82 -169.54 1828.63
41.87 -169.48 1828.44
-18.84 -244.62 1831.86
-18.90 -244.62 1831.67
-18.93 -244.64 1831.47
-18.96 -244.66 1831.28
-19.00 -244.68 1831.08
-19.00 -244.72 1830.88
-19.01 -244.75 1830.69
-19.01 -244.78 1830.49
-19.02 -244.81 1830.29
-18.99 -244.86 1830.10
-18.97 -244.90 1829.90
-18.95 -244.95 1829.71
-18.92 -244.99 1829.52
-18.88 -245.05 1829.33
-18.83 -245.11 1829.15
-18.78 -245.17 1828.96
-18.73 -245.23 1828.78
-18.67 -245.29 1828.60
-18.60 -245.36 1828.42
-18.54 -245.43 1828.24
-18.48 -245.49 1828.07
-18.40 -245.57 1827.90
-18.33 -245.64 1827.73
-18.25 -245.71 1827.55
-18.18 -245.78 1827.38
-18.10 -245.86 1827.22
-18.02 -245.93 1827.05
-17.94 -246.01 1826.88
-17.87 -246.08 1826.71
-17.79 -246.16 1826.54
-17.71 -246.24 1826.37
-17.64 -246.31 1826.21
-17.56 -246.39 1826.04
-17.49 -246.47 1825.87
-17.42 -246.54 1825.70
-17.35 -246.62 1825.52
-17.28 -246.70 1825.35
-17.22 -246.78 1825.18
-17.17 -246.85 1825.00
-17.11 -246.93 1824.83
-17.06 -247.01 1824.65
-17.01 -247.09 1824.48
-16.96 -247.17 1824.30
-16.91 -247.25 1824.12
-16.87 -247.33 1823.94
-16.83 -247.41 1823.76
-16.80 -247.49 1823.58
-16.76 -247.57 1823.40
-16.73 -247.65 1823.22
-16.71 -247.73 1823.04
-16.68 -247.81 1822.86
-16.66 -247.89 1822.68
-16.64 -247.97 1822.50
-16.63 -248.05 1822.31
-16.62 -248.13 1822.13
-16.60 -248.21 1821.95
-16.60 -248.29 1821.76
-16.59 -248.37 1821.58
-16.59 -248.45 1821.40
-16.59 -248.52 1821.21
-16.59 -248.60 1821.03
-16.60 -248.67 1820.84
-16.60 -248.75 1820.66
-16.61 -248.82 1820.47
-16.62 -248.88 1820.28
-16.63 -248.95 1820.09
-16.64 -249.02 1819.91
-16.67 -249.08 1819.72
-16.69 -249.14 1819.53
-16.71 -249.20 1819.34
-16.73 -249.26 1819.15
-16.76 -249.31 1818.96
-16.79 -249.36 1818.76
-16.82 -249.41 1818.57
-16.85 -249.46 1818.38
-16.90 -249.50 1818.19
-16.94 -249.54 1818.00
-16.98 -249.58 1817.81
-17.02 -249.61 1817.62
-17.07 -249.64 1817.42
-17.12 -249.67 1817.23
-17.17 -249.70 1817.04
-17.23 -249.73 1816.85
-17.28 -249.75 1816.66
-17.34 -249.77 1816.47
-17.40 -249.80 1816.28
-17.46 -249.81 1816.09
-17.53 -249.83 1815.90
-17.59 -249.85 1815.71
-17.65 -249.86 1815.52
-17.72 -249.88 1815.33
-17.78 -249.89 1815.15
-17.84 -249.90 1814.96
-17.91 -249.92 1814.77
-17.97 -249.92 1814.58
-18.03 -249.93 1814.39
-18.10 -249.94 1814.20
-18.16 -249.95 1814.01
-18.22 -249.95 1813.82
-18.28 -249.96 1813.63
-18.33 -249.96 1813.44
-18.39 -249.96 1813.24
-18.44 -249.96 1813.05
-18.49 -249.95 1812.86
-18.54 -249.95 1812.66
-18.59 -249.94 1812.47
-18.63 -249.93 1812.27
-18.66 -249.91 1812.08
-18.70 -249.90 1811.88
-18.74 -249.88 1811.69
-18.76 -249.85 1811.49
-18.79 -249.82 1811.29
-18.81 -249.79 1811.10
-18.82 -249.75 1810.90
-18.83 -249.71 1810.70
-18.84 -249.67 1810.51
-18.85 -249.63 1810.31
-18.85 -249.58 1810.12
-18.85 -249.52 1809.93
-18.85 -249.47 1809.74
-18.84 -249.42 1809.54
-18.83 -249.35 1809.35
-18.81 -249.29 1809.16
-18.79 -249.23 1808.98
-18.78 -249.17 1808.79
-18.75 -249.10 1808.60
-18.72 -249.03 1808.41
-18.69 -248.96 1808.23
-18.67 -248.89 1808.04
-18.63 -248.82 1807.86
-18.59 -248.76 1807.67
-18.55 -248.69 1807.49
-18.51 -248.62 1807.31
-18.47 -248.56 1807.12
-18.42 -248.49 1806.94
-18.37 -248.43 1806.75
-18.32 -248.38 1806.57
-18.27 -248.32 1806.38
-18.22 -248.27 1806.20
-18.16 -248.22 1806.01
-18.11 -248.18 1805.83
-18.05 -248.14 1805.64
-17.99 -248.10 1805.45
-17.94 -248.06 1805.26
-17.88 -248.03 1805.07
-17.82 -248.01 1804.88
-17.76 -247.99 1804.69
-17.70 -247.97 1804.50
-17.64 -247.96 1804.31
-17.58 -247.95 1804.12
-17.52 -247.94 1803.93
-17.47 -247.93 1803.74
-17.41 -247.93 1803.55
-17.35 -247.93 1803.36
-17.30 -247.92 1803.16
-17.24 -247.92 1802.97
-17.18 -247.92 1802.78
-17.12 -247.91 1802.59
-17.07 -247.90 1802.40
-17.01 -247.90 1802.21
-16.95 -247.89 1802.02
-16.89 -247.87 1801.83
-16.83 -247.85 1801.64
-16.77 -247.83 1801.45
-16.70 -247.80 1801.26
-16.63 -247.76 1801.08
-16.56 -247.73 1800.89
-16.50 -247.70 1800.71
-16.42 -247.65 1800.53
-16.34 -247.60 1800.35
-16.27 -247.55 1800.17
-16.19 -247.50 1799.99
-16.10 -247.44 1799.82
-16.02 -247.38 1799.65
-15.93 -247.32 1799.49
-15.84 -247.26 1799.32
-15.74 -247.18 1799.16
-15.65 -247.11 1799.00
-15.55 -247.04 1798.84
-15.45 -246.97 1798.68
-15.35 -246.90 1798.52
-15.24 -246.82 1798.37
-15.14 -246.75 1798.22
-15.03 -246.67 1798.07
-14.92 -246.60 1797.92
-14.80 -246.52 1797.77
-14.69 -246.45 1797.63
-14.58 -246.37 1797.48
-14.46 -246.31 1797.33
-14.34 -246.24 1797.19
-14.22 -246.17 1797.04
-14.11 -246.10 1796.89
-13.99 -246.04 1796.75
-13.86 -245.97 1796.60
-13.74 -245.91 1796.45
-13.62 -245.85 1796.31
-13.50 -245.80 1796.16
-13.38 -245.75 1796.01
-13.26 -245.70 1795.86
-13.13 -245.66 1795.70
-13.01 -245.62 1795.55
-12.89 -245.58 1795.40
-12.77 -245.54 1795.24
-12.65 -245.51 1795.09
-12.53 -245.48 1794.93
-12.40 -245.45 1794.77
-12.28 -245.43 1794.62
-12.16 -245.41 1794.46
-12.04 -245.40 1794.30
-11.92 -245.39 1794.14
-11.80 -245.38 1793.98
-11.68 -245.36 1793.82
-11.56 -245.36 1793.67
-11.43 -245.35 1793.51
-11.31 -245.35 1793.35
-11.19 -245.35 1793.19
-11.06 -245.35 1793.04
-10.94 -245.36 1792.88
-10.81 -245.36 1792.73
-10.68 -245.37 1792.58
-10.55 -245.37 1792.43
-10.42 -245.38 1792.27
-10.28 -245.39 1792.13
-10.14 -245.40 1791.98
-10.00 -245.41 1791.84
-9.87 -245.42 1791.69
-9.72 -245.42 1791.55
-9.58 -245.43 1791.42
-9.44 -245.44 1791.28
-9.29 -245.45 1791.14
-9.14 -245.46 1791.01
-8.99 -245.46 1790.87
-8.84 -245.47 1790.74
-8.69 -245.47 1790.61
-8.53 -245.48 1790.49
-8.38 -245.48 1790.36
-8.22 -245.48 1790.24
-8.07 -245.49 1790.11
-7.91 -245.48 1789.99
-7.75 -245.48 1789.87
-7.59 -245.48 1789.75
-7.43 -245.48 1789.63
-7.26 -245.48 1789.52
-7.10 -245.47 1789.40
-6.93 -245.47 1789.29
-6.77 -245.46 1789.17
-6.60 -245.45 1789.06
-6.44 -245.44 1788.95
-6.27 -245.44 1788.84
-6.10 -245.43 1788.73
-5.93 -245.42 1788.63
-5.76 -245.41 1788.52
-5.59 -245.40 1788.42
-5.42 -245.40 1788.32
-5.25 -245.39 1788.21
-5.08 -245.38 1788.11
-4.91 -245.37 1788.01
-4.73 -245.37 1787.91
-4.55 -245.36 1787.82
-4.38 -245.36 1787.72
-4.20 -245.35 1787.63
-4.03 -245.35 1787.54
-3.85 -245.35 1787.45
-3.67 -245.35 1787.36
-3.49 -245.35 1787.27
-3.31 -245.35 1787.18
-3.13 -245.35 1787.10
-2.94 -245.35 1787.02
-2.76 -245.36 1786.94
-2.58 -245.36 1786.86
-2.39 -245.37 1786.78
-2.21 -245.37 1786.71
-2.02 -245.37 1786.63
-1.83 -245.38 1786.56
-1.65 -245.38 1786.49
-1.46 -245.39 1786.42
-1.27 -245.39 1786.35
-1.08 -245.39 1786.29
-0.89 -245.40 1786.22
-0.71 -245.40 1786.16
-0.52 -245.40 1786.09
-29.69 -217.46 1674.38
-29.64 -217.56 1674.21
-29.58 -217.65 1674.04
-29.53 -217.75 1673.87
-29.49 -217.83 1673.69
-29.44 -217.91 1673.52
-29.40 -217.99 1673.34
-29.35 -218.07 1673.16
-29.31 -218.15 1672.98
-29.27 -218.23 1672.81
-29.23 -218.30 1672.62
-29.19 -218.38 1672.44
-29.17 -218.44 1672.25
-29.14 -218.49 1672.06
-29.11 -218.55 1671.87
-29.09 -218.61 1671.68
-29.07 -218.66 1671.49
-29.05 -218.71 1671.30
-29.04 -218.76 1671.11
-29.02 -218.81 1670.91
-29.01 -218.86 1670.72
-29.00 -218.90 1670.52
-29.00 -218.95 1670.33
-28.99 -218.99 1670.13
-28.98 -219.03 1669.94
-28.98 -219.08 1669.74
-28.98 -219.12 1669.55
-28.98 -219.17 1669.35
-28.98 -219.22 1669.16
-28.98 -219.26 1668.96
-28.98 -219.31 1668.77
-28.99 -219.36 1668.58
-28.99 -219.41 1668.38
-29.00 -219.47 1668.19
-29.00 -219.52 1668.00
-29.01 -219.57 1667.81
-29.02 -219.63 1667.61
-29.02 -219.69 1667.42
-29.03 -219.74 1667.23
-29.04 -219.80 1667.04
-29.05 -219.86 1666.85
-29.06 -219.92 1666.66
-29.07 -219.98 1666.47
-29.08 -220.03 1666.28
-29.10 -220.09 1666.08
-29.11 -220.15 1665.89
-29.13 -220.20 1665.70
-29.14 -220.25 1665.51
-29.16 -220.31 1665.32
-29.17 -220.36 1665.12
-29.19 -220.40 1664.93
-29.21 -220.45 1664.74
-29.22 -220.50 1664.54
-29.24 -220.54 1664.35
-29.26 -220.58 1664.15
-29.28 -220.61 1663.96
-29.30 -220.64 1663.76
-29.32 -220.68 1663.56
-29.34 -220.70 1663.37
-29.36 -220.73 1663.17
-29.37 -220.75 1662.97
-29.39 -220.77 1662.77
-29.41 -220.78 1662.57
-29.43 -220.80 1662.37
-29.45 -220.81 1662.18
-29.46 -220.82 1661.98
-29.48 -220.82 1661.78
-29.49 -220.82 1661.58
-29.50 -220.83 1661.38
-29.52 -220.83 1661.18
-29.53 -220.82 1660.98
-29.54 -220.81 1660.78
-29.55 -220.81 1660.58
-29.56 -220.79 1660.38
-29.56 -220.78 1660.18
-29.57 -220.77 1659.98
-29.58 -220.76 1659.78
-29.58 -220.74 1659.58
-29.59 -220.71 1659.38
-29.59 -220.69 1659.19
-29.59 -220.67 1658.99
-29.60 -220.65 1658.79
-29.60 -220.62 1658.59
-29.61 -220.59 1658.39
-29.61 -220.56 1658.19
-29.62 -220.52 1658.00
-29.62 -220.49 1657.80
-29.63 -220.45 1657.61
-29.63 -220.41 1657.41
-29.65 -220.36 1657.22
-29.66 -220.32 1657.02
-29.67 -220.27 1656.83
-29.68 -220.22 1656.63
-29.70 -220.16 1656.44
-29.72 -220.10 1656.25
-29.74 -220.04 1656.06
-29.77 -219.98 1655.88
-29.79 -219.91 1655.69
-29.82 -219.84 1655.51
-29.85 -219.77 1655.32
-29.89 -219.70 1655.14
-29.92 -219.62 1654.96
-29.96 -219.54 1654.78
-30.00 -219.46 1654.60
-30.04 -219.38 1654.42
-30.09 -219.30 1654.25
-30.14 -219.21 1654.07
-30.18 -219.13 1653.89
-30.24 -219.04 1653.72
-30.29 -218.95 1653.55
-30.35 -218.86 1653.38
-30.40 -218.77 1653.21
-30.46 -218.68 1653.05
-30.52 -218.59 1652.88
-30.58 -218.49 1652.71
-30.65 -218.40 1652.55
-30.71 -218.31 1652.38
-30.78 -218.21 1652.22
-30.84 -218.12 1652.05
-30.91 -218.03 1651.89
-30.98 -217.94 1651.73
-31.05 -217.84 1651.57
-31.12 -217.75 1651.40
-31.19 -217.66 1651.24
-31.27 -217.56 1651.08
-31.34 -217.47 1650.92
-31.42 -217.38 1650.76
-31.49 -217.28 1650.60
-31.57 -217.19 1650.44
-31.65 -217.10 1650.28
-31.73 -217.00 1650.12
-31.81 -216.91 1649.97
-31.89 -216.81 1649.81
-31.97 -216.72 1649.65
-32.05 -216.63 1649.50
-32.13 -216.53 1649.34
-32.21 -216.43 1649.19
-32.30 -216.33 1649.04
-32.38 -216.23 1648.88
-32.46 -216.13 1648.73
-32.55 -216.02 1648.59
-32.63 -215.92 1648.44
-32.72 -215.82 1648.29
-32.80 -215.70 1648.15
-32.88 -215.59 1648.00
-32.97 -215.48 1647.86
-33.05 -215.36 1647.72
-33.13 -215.24 1647.58
-33.21 -215.12 1647.44
-33.29 -215.00 1647.30
-33.37 -214.88 1647.17
-33.44 -214.75 1647.03
-33.52 -214.62 1646.90
-33.59 -214.50 1646.76
-33.66 -214.36 1646.63
-33.73 -214.22 1646.50
-33.80 -214.09 1646.37
-33.86 -213.95 1646.24
-33.92 -213.81 1646.11
-33.97 -213.67 1645.99
-34.03 -213.52 1645.86
-34.09 -213.38 1645.73
-34.13 -213.23 1645.61
-34.17 -213.08 1645.48
-34.21 -212.93 1645.36
-34.25 -212.78 1645.23
-34.28 -212.62 1645.11
-34.30 -212.47 1644.98
-34.33 -212.31 1644.86
-34.35 -212.16 1644.74
-34.36 -212.00 1644.61
-34.37 -211.84 1644.49
-34.37 -211.68 1644.37
-34.38 -211.52 1644.25
-34.37 -211.36 1644.13
-34.36 -211.20 1644.01
-34.34 -211.04 1643.89
-34.33 -210.88 1643.78
-34.30 -210.72 1643.66
-34.27 -210.56 1643.55
-34.24 -210.40 1643.43
-34.20 -210.24 1643.32
-34.17 -210.07 1643.21
-34.13 -209.91 1643.10
-34.09 -209.75 1642.99
-34.04 -209.59 1642.88
-33.99 -209.43 1642.77
-33.94 -209.27 1642.67
-33.89 -209.10 1642.56
-33.84 -208.94 1642.46
-33.78 -208.78 1642.35
-33.73 -208.61 1642.25
-33.67 -208.45 1642.15
-33.61 -208.29 1642.06
-33.55 -208.12 1641.96
-33.49 -207.96 1641.86
-33.43 -207.79 1641.77
-33.37 -207.62 1641.67
-33.31 -207.46 1641.58
-33.25 -207.29 1641.49
-33.19 -207.12 1641.40
-33.12 -206.95 1641.32
-33.06 -206.79 1641.23
-32.99 -206.62 1641.14
-32.93 -206.45 1641.06
-32.86 -206.28 1640.98
-32.79 -206.11 1640.90
-32.73 -205.94 1640.82
-32.66 -205.77 1640.74
-32.58 -205.60 1640.66
-32.51 -205.43 1640.59
-32.44 -205.26 1640.52
-32.36 -205.09 1640.45
-32.28 -204.91 1640.38
-32.20 -204.74 1640.31
-32.12 -204.57 1640.24
-32.03 -204.40 1640.18
-31.94 -204.24 1640.12
-31.86 -204.07 1640.06
-31.77 -203.90 1640.00
-31.67 -203.73 1639.95
-31.58 -203.56 1639.90
-31.48 -203.39 1639.84
-31.39 -203.23 1639.79
-31.28 -203.06 1639.75
-31.18 -202.89 1639.71
-31.08 -202.73 1639.67
-30.98 -202.56 1639.62
-30.87 -202.39 1639.59
-30.76 -202.23 1639.56
-30.65 -202.06 1639.53
-30.55 -201.90 1639.51
-30.44 -201.73 1639.48
-30.33 -201.56 1639.46
-30.22 -201.39 1639.44
-30.12 -201.23 1639.42
-30.01 -201.06 1639.41
-29.91 -200.89 1639.39
-29.80 -200.72 1639.38
-29.70 -200.55 1639.37
-29.60 -200.37 1639.37
-29.50 -200.20 1639.36
-29.40 -200.03 1639.35
-29.31 -199.85 1639.35
-29.21 -199.67 1639.35
-29.12 -199.50 1639.35
-29.03 -199.32 1639.35
-28.94 -199.14 1639.35
-28.86 -198.96 1639.35
-28.78 -198.77 1639.35
-28.70 -198.59 1639.35
-28.62 -198.40 1639.35
-28.55 -198.22 1639.35
-28.47 -198.03 1639.36
-28.40 -197.85 1639.35
-28.34 -197.66 1639.35
-28.27 -197.47 1639.35
-28.20 -197.28 1639.34
-28.14 -197.09 1639.34
-28.08 -196.90 1639.33
-28.03 -196.71 1639.32
-27.97 -196.52 1639.31
-27.91 -196.32 1639.29
-27.86 -196.13 1639.28
-27.81 -195.94 1639.26
-27.76 -195.75 1639.24
-27.71 -195.55 1639.22
-27.66 -195.36 1639.19
-27.62 -195.17 1639.17
-27.57 -194.98 1639.14
-27.53 -194.78 1639.11
-27.48 -194.59 1639.08
-27.43 -194.40 1639.05
-27.39 -194.21 1639.01
-27.34 -194.02 1638.97
-27.30 -193.83 1638.94
-27.25 -193.64 1638.90
-27.20 -193.45 1638.86
-27.15 -193.26 1638.82
-27.10 -193.07 1638.78
-27.05 -192.88 1638.74
-27.00 -192.69 1638.70
-26.94 -192.50 1638.66
-26.88 -192.31 1638.62
-26.83 -192.13 1638.58
-26.76 -191.94 1638.55
-26.69 -191.76 1638.51
-26.62 -191.57 1638.47
-26.56 -191.39 1638.44
-26.48 -191.21 1638.41
-26.39 -191.03 1638.37
-26.31 -190.85 1638.34
-26.23 -190.67 1638.31
-26.14 -190.49 1638.28
-26.04 -190.32 1638.26
-25.94 -190.15 1638.23
-25.85 -189.97 1638.20
-25.73 -189.81 1638.18
-25.62 -189.65 1638.15
-25.51 -189.49 1638.13
-25.38 -189.33 1638.10
-25.25 -189.18 1638.08
-25.13 -189.03 1638.06
-25.00 -188.87 1638.03
-24.86 -188.73 1638.00
-24.72 -188.60 1637.97
-24.58 -188.46 1637.95
-24.44 -188.32 1637.92
-24.29 -188.19 1637.88
-24.13 -188.06 1637.84
27.52 -180.07 1879.56
27.72 -180.06 1879.60
27.91 -180.05 1879.64
28.11 -180.05 1879.67
28.30 -180.05 1879.71
28.50 -180.05 1879.75
28.70 -180.05 1879.78
28.90 -180.06 1879.81
29.09 -180.07 1879.84
29.29 -180.08 1879.87
29.49 -180.10 1879.89
29.69 -180.12 1879.91
29.88 -180.15 1879.93
30.08 -180.17 1879.95
30.28 -180.20 1879.97
30.48 -180.24 1879.99
30.67 -180.27 1880.00
30.87 -180.30 1880.02
31.06 -180.34 1880.03
31.26 -180.38 1880.05
31.46 -180.41 1880.06
31.65 -180.45 1880.08
31.85 -180.48 1880.09
32.05 -180.51 1880.11
32.24 -180.55 1880.12
32.44 -180.58 1880.14
32.64 -180.62 1880.15
32.83 -180.65 1880.17
33.03 -180.68 1880.18
33.23 -180.72 1880.20
33.42 -180.75 1880.21
33.62 -180.79 1880.23
33.81 -180.83 1880.24
34.01 -180.86 1880.25
34.21 -180.90 1880.26
34.40 -180.95 1880.27
34.60 -180.99 1880.27
34.79 -181.04 1880.28
34.98 -181.09 1880.28
35.18 -181.15 1880.29
35.37 -181.20 1880.29
35.56 -181.27 1880.28
35.75 -181.33 1880.28
35.93 -181.40 1880.28
36.12 -181.47 1880.27
36.31 -181.55 1880.26
36.49 -181.62 1880.26
36.67 -181.70 1880.25
36.86 -181.78 1880.24
37.04 -181.86 1880.24
37.22 -181.95 1880.23
37.40 -182.03 1880.22
37.59 -182.11 1880.22
37.77 -182.20 1880.22
37.95 -182.28 1880.22
38.13 -182.36 1880.22
38.31 -182.45 1880.22
38.50 -182.53 1880.23
38.68 -182.61 1880.23
38.86 -182.69 1880.24
39.04 -182.77 1880.25
39.23 -182.85 1880.26
39.41 -182.93 1880.27
39.59 -183.01 1880.28
39.77 -183.09 1880.30
39.96 -183.17 1880.31
40.14 -183.25 1880.33
40.32 -183.33 1880.35
40.50 -183.42 1880.37
40.68 -183.50 1880.39
40.87 -183.58 1880.41
41.05 -183.66 1880.43
41.23 -183.74 1880.45
41.41 -183.82 1880.47
41.59 -183.90 1880.49
41.78 -183.98 1880.51
41.96 -184.05 1880.53
42.15 -184.13 1880.55
42.33 -184.20 1880.57
42.51 -184.28 1880.60
42.70 -184.36 1880.62
42.88 -184.44 1880.64
43.06 -184.53 1880.67
43.23 -184.61 1880.70
43.41 -184.70 1880.73
43.58 -184.80 1880.76
43.75 -184.90 1880.80
43.92 -185.00 1880.84
44.08 -185.11 1880.88
44.24 -185.22 1880.93
44.39 -185.34 1880.98
44.54 -185.46 1881.03
44.68 -185.59 1881.09
44.82 -185.72 1881.15
44.96 -185.85 1881.21
45.10 -185.99 1881.27
45.23 -186.12 1881.32
45.37 -186.26 1881.38
45.50 -186.40 1881.43
45.63 -186.54 1881.47
45.77 -186.69 1881.52
45.90 -186.83 1881.56
46.02 -186.98 1881.59
46.15 -187.13 1881.63
46.28 -187.29 1881.65
46.40 -187.44 1881.68
46.52 -187.60 1881.70
46.64 -187.76 1881.71
46.76 -187.92 1881.72
46.88 -188.08 1881.73
46.99 -188.24 1881.72
47.11 -188.41 1881.72
47.22 -188.57 1881.71
47.33 -188.74 1881.69
47.45 -188.90 1881.68
47.57 -189.06 1881.66
47.69 -189.22 1881.65
47.81 -189.37 1881.63
47.94 -189.53 1881.63
48.07 -189.68 1881.62
48.21 -189.83 1881.62
48.34 -189.97 1881.62
48.48 -190.12 1881.63
48.62 -190.26 1881.64
48.77 -190.40 1881.66
48.91 -190.53 1881.68
49.05 -190.67 1881.70
49.20 -190.80 1881.73
49.34 -190.94 1881.76
49.49 -191.07 1881.80
49.63 -191.21 1881.83
49.78 -191.34 1881.87
49.92 -191.48 1881.90
50.06 -191.62 1881.94
50.20 -191.76 1881.97
50.34 -191.90 1882.01
50.47 -192.04 1882.04
50.61 -192.18 1882.07
50.74 -192.33 1882.10
50.88 -192.47 1882.13
51.01 -192.62 1882.15
51.14 -192.77 1882.17
51.27 -192.92 1882.19
51.40 -193.07 1882.20
51.53 -193.22 1882.21
51.67 -193.37 1882.22
51.80 -193.52 1882.22
51.93 -193.67 1882.22
52.07 -193.81 1882.22
52.21 -193.96 1882.21
52.35 -194.10 1882.21
52.50 -194.23 1882.20
52.65 -194.37 1882.19
52.79 -194.50 1882.18
52.95 -194.63 1882.17
53.10 -194.76 1882.16
53.25 -194.89 1882.14
53.41 -195.01 1882.13
53.56 -195.14 1882.11
53.72 -195.26 1882.10
53.88 -195.39 1882.08
54.03 -195.51 1882.06
54.19 -195.63 1882.03
54.34 -195.76 1882.01
54.49 -195.89 1881.98
54.64 -196.01 1881.95
54.79 -196.15 1881.91
54.93 -196.28 1881.88
55.07 -196.41 1881.83
55.21 -196.55 1881.79
55.34 -196.69 1881.74
55.47 -196.84 1881.68
55.60 -196.98 1881.62
55.72 -197.13 1881.56
55.83 -197.28 1881.50
55.95 -197.43 1881.44
56.06 -197.59 1881.37
56.16 -197.74 1881.30
56.27 -197.90 1881.24
56.38 -198.05 1881.17
56.48 -198.21 1881.11
56.59 -198.37 1881.05
56.70 -198.52 1880.99
56.81 -198.68 1880.93
56.93 -198.83 1880.88
57.05 -198.99 1880.82
57.17 -199.14 1880.78
57.29 -199.29 1880.73
57.41 -199.44 1880.69
57.54 -199.59 1880.65
57.67 -199.74 1880.61
57.80 -199.88 1880.58
57.94 -200.03 1880.55
58.07 -200.17 1880.52
58.21 -200.31 1880.49
58.35 -200.46 1880.46
58.49 -200.60 1880.43
58.62 -200.74 1880.39
58.76 -200.88 1880.36
58.90 -201.02 1880.33
59.04 -201.16 1880.29
59.17 -201.30 1880.25
59.30 -201.45 1880.20
59.43 -201.59 1880.15
59.56 -201.73 1880.10
59.69 -201.88 1880.04
59.81 -202.02 1879.98
59.93 -202.17 1879.92
60.05 -202.32 1879.85
60.16 -202.47 1879.78
60.27 -202.61 1879.71
60.38 -202.76 1879.63
60.49 -202.91 1879.56
60.60 -203.06 1879.48
60.71 -203.21 1879.40
60.82 -203.36 1879.32
60.92 -203.51 1879.25
61.03 -203.66 1879.17
61.14 -203.82 1879.10
61.24 -203.97 1879.02
61.35 -204.12 1878.95
61.46 -204.27 1878.88
61.57 -204.43 1878.81
61.68 -204.58 1878.75
61.78 -204.74 1878.69
61.89 -204.90 1878.63
62.00 -205.06 1878.57
62.11 -205.21 1878.52
62.22 -205.38 1878.47
62.32 -205.54 1878.42
62.42 -205.70 1878.37
62.53 -205.87 1878.33
62.63 -206.04 1878.29
62.72 -206.21 1878.25
62.82 -206.38 1878.21
62.91 -206.55 1878.17
63.00 -206.73 1878.14
63.09 -206.90 1878.10
63.17 -207.08 1878.07
63.26 -207.26 1878.03
63.34 -207.44 1878.00
63.42 -207.62 1877.96
63.50 -207.80 1877.93
63.57 -207.98 1877.89
63.65 -208.17 1877.86
63.72 -208.35 1877.82
63.79 -208.53 1877.79
63.86 -208.71 1877.75
63.93 -208.90 1877.72
64.00 -209.08 1877.68
64.07 -209.27 1877.64
64.14 -209.45 1877.61
64.21 -209.64 1877.57
64.28 -209.82 1877.54
64.35 -210.00 1877.50
64.41 -210.19 1877.47
64.48 -210.37 1877.43
64.55 -210.56 1877.39
64.61 -210.74 1877.36
64.68 -210.93 1877.32
64.75 -211.12 1877.29
64.81 -211.30 1877.25
64.88 -211.49 1877.21
64.94 -211.67 1877.18
65.01 -211.86 1877.14
65.07 -212.04 1877.10
65.14 -212.23 1877.07
65.20 -212.41 1877.03
65.27 -212.60 1876.99
65.33 -212.79 1876.96
65.40 -212.97 1876.92
65.46 -213.16 1876.88
65.52 -213.34 1876.85
65.59 -213.53 1876.81
65.65 -213.72 1876.77
65.71 -213.90 1876.74
65.77 -214.09 1876.70
44.09 -184.54 1880.56
44.12 -184.71 1880.65
44.16 -184.89 1880.74
44.22 -185.06 1880.83
44.31 -185.22 1880.91
44.44 -185.35 1880.98
44.58 -185.49 1881.04
44.71 -185.62 1881.10
44.85 -185.75 1881.17
44.99 -185.88 1881.22
45.13 -186.01 1881.28
45.26 -186.15 1881.33
45.40 -186.29 1881.39
45.53 -186.43 1881.44
45.66 -186.57 1881.48
45.79 -186.72 1881.53
45.92 -186.86 1881.57
46.05 -187.01 1881.60
46.18 -187.16 1881.63
46.30 -187.32 1881.66
46.43 -187.47 1881.68
46.55 -187.63 1881.70
46.67 -187.79 1881.71
46.78 -187.95 1881.72
46.90 -188.12 1881.72
47.02 -188.28 1881.72
47.13 -188.44 1881.71
47.24 -188.61 1881.70
47.36 -188.77 1881.69
47.48 -188.93 1881.67
