488.45 340.97
488.52 340.41
488.46 340.97
488.75 340.24
488.76 340.80
488.87 340.32
488.60 340.72
488.88 340.87
488.73 340.80
488.67 340.46
488.41 340.10
488.62 340.25
488.69 340.14
488.63 340.45
488.56 340.58
488.86 340.77
488.63 340.67
489.07 340.45
488.89 341.00
489.05 340.75
489.00 340.67
488.97 341.37
488.99 340.79
488.90 340.49
488.91 341.03
488.71 340.64
488.83 340.46
488.95 340.63
488.89 340.59
488.66 340.43
488.88 340.53
488.97 340.67
488.79 340.32
489.42 340.50
489.19 340.53
488.84 340.28
488.72 340.50
488.92 340.28
489.19 341.36
488.95 342.12
489.15 340.86
489.16 340.45
489.00 340.46
489.26 340.54
489.53 340.57
489.46 341.06
489.27 340.38
489.14 340.39
489.12 340.47
489.51 340.20
489.52 340.46
489.43 340.17
489.15 340.54
489.08 340.24
489.08 340.37
489.30 340.41
488.94 340.74
488.73 340.42
489.14 340.27
489.15 340.59
489.11 340.40
488.55 340.28
488.74 340.42
488.55 340.30
488.15 339.89
488.88 340.08
488.68 339.94
488.78 340.03
488.59 340.02
488.74 340.19
489.40 340.74
489.34 340.22
488.70 340.47
489.33 340.93
488.62 341.12
488.42 341.03
488.15 340.88
488.42 340.52
488.06 340.46
488.14 340.91
488.65 341.26
488.46 341.55
487.95 341.26
487.92 341.22
488.16 341.30
487.96 340.81
487.69 341.03
488.16 340.75
488.00 341.02
487.54 341.03
487.69 341.09
488.27 341.60
488.62 341.41
488.83 341.71
489.03 342.27
488.59 341.35
488.68 341.32
488.31 341.49
488.14 342.17
487.65 342.39
488.33 342.21
488.14 341.94
488.08 341.34
488.04 341.79
488.03 341.57
487.53 341.20
487.28 342.19
487.11 341.84
486.49 341.15
486.63 341.06
487.07 341.52
487.16 341.42
487.13 341.47
486.86 341.98
486.73 341.92
487.44 341.90
487.24 342.43
487.15 342.41
487.14 342.20
487.48 342.48
487.43 342.45
487.58 342.80
487.83 342.56
487.77 342.03
487.70 341.99
487.15 342.15
486.65 342.37
486.86 342.42
486.61 342.26
486.40 342.26
486.68 342.46
486.62 342.56
486.76 342.79
486.90 342.44
487.16 342.34
486.71 342.18
486.66 342.24
486.41 341.92
486.60 342.31
486.70 342.23
486.61 342.32
486.90 342.26
486.94 342.26
486.48 341.98
486.61 342.58
486.77 342.67
486.40 342.50
486.18 342.85
487.51 342.93
488.14 343.20
488.08 342.90
488.56 343.29
488.87 343.11
488.87 343.03
488.70 342.49
488.58 342.85
488.81 342.89
488.43 343.01
488.68 343.19
488.49 343.15
488.38 343.08
488.67 343.15
487.69 342.88
487.96 343.75
489.40 343.91
490.44 343.75
490.91 343.48
490.35 343.67
490.32 343.85
490.83 344.86
491.69 347.43
492.14 348.06
492.85 348.88
492.71 349.72
492.61 349.99
492.34 349.88
493.34 350.23
492.68 350.30
492.27 350.41
491.23 350.17
491.35 350.44
491.41 350.09
490.74 349.37
491.51 350.27
490.89 349.70
490.65 349.81
491.27 350.62
491.34 350.65
491.98 350.22
492.04 350.63
492.28 350.99
492.23 350.76
492.38 351.48
492.93 351.44
492.84 351.76
492.49 351.49
492.06 351.99
491.83 351.86
491.72 351.36
491.87 352.35
491.34 353.07
491.77 352.24
488.45 340.97
488.45 340.97
488.52 340.41
488.46 340.97
488.75 340.24
488.76 340.80
488.87 340.32
488.60 340.72
488.88 340.87
488.73 340.80
488.67 340.46
488.41 340.10
488.62 340.25
488.69 340.14
488.63 340.45
488.56 340.58
488.86 340.77
488.63 340.67
489.07 340.45
488.89 341.00
489.05 340.75
489.00 340.67
488.97 341.37
488.99 340.79
488.90 340.49
488.91 341.03
488.71 340.64
488.83 340.46
488.95 340.63
488.89 340.59
488.66 340.43
488.88 340.53
488.97 340.67
488.79 340.32
489.42 340.50
489.19 340.53
488.84 340.28
488.72 340.50
488.92 340.28
489.19 341.36
488.95 342.12
489.15 340.86
489.16 340.45
489.00 340.46
489.26 340.54
489.53 340.57
489.46 341.06
489.27 340.38
489.14 340.39
489.12 340.47
489.51 340.20
489.52 340.46
489.43 340.17
489.15 340.54
489.08 340.24
489.08 340.37
489.30 340.41
488.94 340.74
488.73 340.42
489.14 340.27
489.15 340.59
489.11 340.40
488.55 340.28
488.74 340.42
488.55 340.30
488.15 339.89
488.88 340.08
488.68 339.94
488.78 340.03
488.59 340.02
488.74 340.19
489.40 340.74
489.34 340.22
488.70 340.47
489.33 340.93
488.62 341.12
488.42 341.03
488.15 340.88
488.42 340.52
488.06 340.46
488.14 340.91
488.65 341.26
488.46 341.55
487.95 341.26
487.92 341.22
488.16 341.30
487.96 340.81
487.69 341.03
488.16 340.75
488.00 341.02
487.54 341.03
487.69 341.09
488.27 341.60
488.62 341.41
488.83 341.71
489.03 342.27
488.59 341.35
488.68 341.32
488.31 341.49
488.45 340.97
488.52 340.41
488.46 340.97
488.75 340.24
488.76 340.80
488.87 340.32
488.60 340.72
488.88 340.87
488.73 340.80
488.67 340.46
488.41 340.10
488.62 340.25
488.69 340.14
488.63 340.45
488.56 340.58
488.86 340.77
488.45 340.97
488.45 340.97
488.52 340.41
488.46 340.97
488.75 340.24
488.76 340.80
488.87 340.32
488.60 340.72
488.88 340.87
488.73 340.80
488.67 340.46
488.41 340.10
488.62 340.25
488.69 340.14
488.63 340.45
488.56 340.58
488.86 340.77
488.45 340.97
488.52 340.41
488.46 340.97
488.75 340.24
488.45 340.97
488.52 340.41
488.46 340.97
488.75 340.24
488.45 340.97
488.45 340.97
488.45 340.97
488.52 340.41
488.46 340.97
488.75 340.24
488.45 340.97
488.52 340.41
488.46 340.97
488.75 340.24
488.45 340.97
488.52 340.41
488.46 340.97
488.75 340.24
488.45 340.97
488.52 340.41
488.46 340.97
488.75 340.24
488.45 340.97
488.52 340.41
488.46 340.97
488.75 340.24
488.45 340.97
488.52 340.41
488.46 340.97
488.75 340.24
488.45 340.97
488.52 340.41
488.46 340.97
488.75 340.24
488.45 340.97
488.52 340.41
488.46 340.97
488.75 340.24
488.45 340.97
488.52 340.41
488.46 340.97
488.75 340.24
488.45 340.97
488.52 340.41
488.46 340.97
488.75 340.24
488.45 340.97
488.52 340.41
488.46 340.97
488.75 340.24
488.45 340.97
488.52 340.41
488.46 340.97
488.75 340.24
488.45 340.97
488.52 340.41
488.46 340.97
488.75 340.24
488.45 340.97
488.52 340.41
488.46 340.97
488.75 340.24
488.45 340.97
488.52 340.41
488.46 340.97
488.75 340.24
488.45 340.97
488.52 340.41
488.46 340.97
488.75 340.24
