0.0000 0.0000 0.0000
0.0341 0.0000 0.0940
0.0683 0.0000 0.1880
0.1024 0.0000 0.2820
0.1366 0.0000 0.3760
0.1707 0.0000 0.4700
0.2048 0.0000 0.5640
0.2390 0.0000 0.6579
0.2731 0.0000 0.7519
0.3072 0.0000 0.8459
0.3414 0.0000 0.9399
0.3755 0.0000 1.0339
0.4097 0.0000 1.1279
0.4438 0.0000 1.2219
0.4779 0.0000 1.3159
0.5121 0.0000 1.4099
0.5462 0.0000 1.5039
0.5807 0.0000 1.5977
0.6158 0.0000 1.6914
0.6508 0.0000 1.7850
0.6859 0.0000 1.8787
0.7209 0.0000 1.9724
0.7560 0.0000 2.0660
0.7910 0.0000 2.1597
0.8260 0.0000 2.2533
0.8611 0.0000 2.3470
0.8961 0.0000 2.4407
0.9314 0.0000 2.5342
0.9669 0.0000 2.6277
1.0023 0.0000 2.7212
1.0378 0.0000 2.8147
1.0733 0.0000 2.9082
1.1088 0.0000 3.0017
1.1442 0.0000 3.0952
1.1797 0.0000 3.1887
1.2152 0.0000 3.2822
1.2507 0.0000 3.3757
1.2862 0.0000 3.4692
1.3217 0.0000 3.5627
1.3572 0.0000 3.6561
1.3928 0.0000 3.7496
1.4283 0.0000 3.8431
1.4639 0.0000 3.9365
1.4994 0.0000 4.0300
1.5349 0.0000 4.1235
1.5705 0.0000 4.2170
1.6060 0.0000 4.3104
1.6407 0.0000 4.4042
1.6751 0.0000 4.4981
1.7095 0.0000 4.5920
1.7439 0.0000 4.6859
1.7783 0.0000 4.7798
1.8126 0.0000 4.8737
1.8470 0.0000 4.9676
1.8814 0.0000 5.0615
1.9158 0.0000 5.1554
1.9502 0.0000 5.2493
1.9856 0.0000 5.3429
2.0210 0.0000 5.4364
2.0565 0.0000 5.5299
2.0920 0.0000 5.6234
2.1274 0.0000 5.7169
2.1629 0.0000 5.8104
2.1983 0.0000 5.9039
2.2338 0.0000 5.9974
2.2693 0.0000 6.0909
2.3044 0.0000 6.1845
2.3379 0.0000 6.2787
2.3715 0.0000 6.3729
2.4050 0.0000 6.4671
2.4385 0.0000 6.5613
2.4720 0.0000 6.6556
2.5056 0.0000 6.7498
2.5391 0.0000 6.8440
2.5726 0.0000 6.9382
2.6062 0.0000 7.0324
2.6397 0.0000 7.1266
2.6733 0.0000 7.2208
2.7068 0.0000 7.3150
2.7404 0.0000 7.4092
2.7739 0.0000 7.5034
2.8075 0.0000 7.5976
2.8411 0.0000 7.6918
2.8746 0.0000 7.7860
2.9082 0.0000 7.8802
2.9417 0.0000 7.9744
2.9745 0.0000 8.0689
3.0071 0.0000 8.1634
3.0397 0.0000 8.2580
3.0724 0.0000 8.3525
3.1050 0.0000 8.4470
3.1376 0.0000 8.5415
3.1702 0.0000 8.6361
3.2028 0.0000 8.7306
3.2354 0.0000 8.8251
3.2678 0.0000 8.9198
3.2984 0.0000 9.0150
3.3291 0.0000 9.1101
3.3597 0.0000 9.2053
3.3903 0.0000 9.3005
3.4210 0.0000 9.3957
3.4516 0.0000 9.4909
3.4823 0.0000 9.5861
3.5129 0.0000 9.6813
3.5435 0.0000 9.7765
3.5740 0.0000 9.8717
3.6041 0.0000 9.9671
3.6342 0.0000 10.0624
3.6643 0.0000 10.1578
3.6944 0.0000 10.2532
3.7245 0.0000 10.3485
3.7546 0.0000 10.4439
3.7847 0.0000 10.5393
3.8147 0.0000 10.6346
3.8448 0.0000 10.7300
3.8746 0.0000 10.8255
3.9042 0.0000 10.9210
3.9337 0.0000 11.0166
3.9632 0.0000 11.1121
3.9927 0.0000 11.2076
4.0222 0.0000 11.3032
4.0517 0.0000 11.3987
4.0812 0.0000 11.4943
4.1107 0.0000 11.5898
4.1403 0.0000 11.6854
4.1660 0.0000 11.7820
4.1912 0.0000 11.8788
4.2164 0.0000 11.9755
4.2416 0.0000 12.0723
4.2667 0.0000 12.1691
4.2919 0.0000 12.2659
4.3171 0.0000 12.3627
4.3423 0.0000 12.4594
4.3675 0.0000 12.5562
4.3926 0.0000 12.6530
4.4183 0.0000 12.7496
4.4441 0.0000 12.8463
4.4698 0.0000 12.9429
4.4955 0.0000 13.0395
4.5212 0.0000 13.1362
4.5469 0.0000 13.2328
4.5727 0.0000 13.3294
4.5984 0.0000 13.4261
4.6241 0.0000 13.5227
4.6498 0.0000 13.6194
4.6727 0.0000 13.7167
4.6956 0.0000 13.8140
4.7185 0.0000 13.9114
4.7414 0.0000 14.0087
4.7643 0.0000 14.1061
4.7873 0.0000 14.2034
4.8102 0.0000 14.3007
4.8331 0.0000 14.3981
4.8560 0.0000 14.4954
4.8787 0.0000 14.5928
4.8989 0.0000 14.6907
4.9192 0.0000 14.7887
4.9395 0.0000 14.8866
4.9597 0.0000 14.9845
4.9800 0.0000 15.0824
5.0003 0.0000 15.1804
5.0205 0.0000 15.2783
5.0408 0.0000 15.3762
5.0611 0.0000 15.4741
5.0806 0.0000 15.5722
5.0988 0.0000 15.6705
5.1169 0.0000 15.7689
5.1351 0.0000 15.8672
5.1533 0.0000 15.9655
5.1715 0.0000 16.0639
5.1896 0.0000 16.1622
5.2078 0.0000 16.2605
5.2260 0.0000 16.3589
5.2442 0.0000 16.4572
5.2592 0.0000 16.5561
5.2736 0.0000 16.6550
5.2881 0.0000 16.7540
5.3026 0.0000 16.8529
5.3170 0.0000 16.9519
5.3315 0.0000 17.0508
5.3459 0.0000 17.1498
5.3604 0.0000 17.2487
5.3749 0.0000 17.3477
5.3889 0.0000 17.4467
5.4017 0.0000 17.5458
5.4146 0.0000 17.6450
5.4274 0.0000 17.7442
5.4402 0.0000 17.8434
5.4531 0.0000 17.9425
5.4659 0.0000 18.0417
5.4788 0.0000 18.1409
5.4916 0.0000 18.2400
5.5044 0.0000 18.3392
5.5156 0.0000 18.4386
5.5246 0.0000 18.5382
5.5335 0.0000 18.6378
5.5425 0.0000 18.7374
5.5514 0.0000 18.8370
5.5603 0.0000 18.9366
5.5693 0.0000 19.0362
5.5782 0.0000 19.1358
5.5871 0.0000 19.2354
5.5961 0.0000 19.3350
5.6029 0.0000 19.4347
5.6082 0.0000 19.5346
5.6135 0.0000 19.6344
5.6188 0.0000 19.7343
5.6242 0.0000 19.8342
5.6295 0.0000 19.9340
5.6348 0.0000 20.0339
5.6402 0.0000 20.1337
5.6455 0.0000 20.2336
5.6508 0.0000 20.3334
5.6521 0.0000 20.4334
5.6522 0.0000 20.5334
5.6523 0.0000 20.6334
5.6523 0.0000 20.7334
5.6524 0.0000 20.8334
5.6525 0.0000 20.9334
5.6525 0.0000 21.0334
5.6526 0.0000 21.1334
5.6526 0.0000 21.2334
5.6527 0.0000 21.3334
5.6469 0.0000 21.4332
5.6407 0.0000 21.5330
5.6345 0.0000 21.6328
5.6283 0.0000 21.7327
5.6221 0.0000 21.8325
5.6159 0.0000 21.9323
5.6097 0.0000 22.0321
5.6035 0.0000 22.1319
5.5973 0.0000 22.2317
5.5906 0.0000 22.3315
5.5801 0.0000 22.4309
5.5697 0.0000 22.5304
5.5593 0.0000 22.6298
5.5489 0.0000 22.7293
5.5385 0.0000 22.8287
5.5281 0.0000 22.9282
5.5177 0.0000 23.0277
5.5073 0.0000 23.1271
5.4969 0.0000 23.2266
5.4841 0.0000 23.3257
5.4670 0.0000 23.4242
5.4500 0.0000 23.5228
5.4330 0.0000 23.6213
5.4159 0.0000 23.7199
5.3989 0.0000 23.8184
5.3819 0.0000 23.9169
5.3649 0.0000 24.0155
5.3478 0.0000 24.1140
5.3308 0.0000 24.2125
5.3094 0.0000 24.3102
5.2845 0.0000 24.4070
5.2596 0.0000 24.5038
5.2346 0.0000 24.6007
5.2097 0.0000 24.6975
5.1848 0.0000 24.7944
5.1599 0.0000 24.8912
5.1349 0.0000 24.9881
5.1100 0.0000 25.0849
5.0851 0.0000 25.1817
5.0562 0.0000 25.2774
5.0249 0.0000 25.3724
4.9937 0.0000 25.4674
4.9624 0.0000 25.5624
4.9311 0.0000 25.6574
4.8999 0.0000 25.7524
4.8686 0.0000 25.8474
4.8374 0.0000 25.9423
4.8061 0.0000 26.0373
4.7749 0.0000 26.1323
4.7384 0.0000 26.2254
4.7004 0.0000 26.3179
4.6624 0.0000 26.4104
4.6243 0.0000 26.5029
4.5863 0.0000 26.5953
4.5483 0.0000 26.6878
4.5103 0.0000 26.7803
4.4722 0.0000 26.8728
4.4342 0.0000 26.9653
4.3962 0.0000 27.0578
4.3515 0.0000 27.1473
4.3064 0.0000 27.2365
4.2613 0.0000 27.3257
4.2161 0.0000 27.4150
4.1710 0.0000 27.5042
4.1258 0.0000 27.5934
4.0807 0.0000 27.6827
4.0356 0.0000 27.7719
3.9904 0.0000 27.8611
3.9450 0.0000 27.9502
3.8939 0.0000 28.0362
3.8429 0.0000 28.1222
3.7918 0.0000 28.2081
3.7408 0.0000 28.2941
3.6897 0.0000 28.3801
3.6387 0.0000 28.4661
3.5876 0.0000 28.5521
3.5365 0.0000 28.6381
3.4855 0.0000 28.7240
3.4330 0.0000 28.8091
3.3769 0.0000 28.8919
3.3208 0.0000 28.9747
3.2647 0.0000 29.0574
3.2085 0.0000 29.1402
3.1524 0.0000 29.2230
3.0963 0.0000 29.3058
3.0402 0.0000 29.3885
2.9841 0.0000 29.4713
2.9280 0.0000 29.5541
2.8703 0.0000 29.6357
2.8108 0.0000 29.7161
2.7514 0.0000 29.7965
2.6919 0.0000 29.8769
2.6324 0.0000 29.9573
2.5729 0.0000 30.0377
2.5135 0.0000 30.1181
2.4540 0.0000 30.1985
2.3945 0.0000 30.2789
2.3350 0.0000 30.3593
2.2742 0.0000 30.4386
2.2124 0.0000 30.5172
2.1506 0.0000 30.5958
2.0888 0.0000 30.6744
2.0269 0.0000 30.7530
1.9651 0.0000 30.8316
1.9033 0.0000 30.9102
1.8415 0.0000 30.9888
1.7796 0.0000 31.0674
1.7178 0.0000 31.1460
1.6549 0.0000 31.2238
1.5916 0.0000 31.3012
1.5282 0.0000 31.3785
1.4649 0.0000 31.4559
1.4015 0.0000 31.5333
1.3382 0.0000 31.6106
1.2748 0.0000 31.6880
1.2115 0.0000 31.7654
1.1481 0.0000 31.8427
1.0847 0.0000 31.9201
1.0205 0.0000 31.9967
0.9559 0.0000 32.0731
0.8914 0.0000 32.1495
0.8268 0.0000 32.2259
0.7623 0.0000 32.3023
0.6978 0.0000 32.3786
0.6332 0.0000 32.4550
0.5687 0.0000 32.5314
0.5041 0.0000 32.6078
0.4396 0.0000 32.6842
0.3755 0.0000 32.7609
0.3115 0.0000 32.8378
0.2475 0.0000 32.9146
0.1835 0.0000 32.9915
0.1196 0.0000 33.0683
0.0556 0.0000 33.1452
-0.0084 0.0000 33.2220
-0.0724 0.0000 33.2989
-0.1364 0.0000 33.3757
-0.2004 0.0000 33.4525
-0.2618 0.0000 33.5315
-0.3229 0.0000 33.6106
-0.3841 0.0000 33.6897
-0.4452 0.0000 33.7689
-0.5064 0.0000 33.8480
-0.5675 0.0000 33.9271
-0.6287 0.0000 34.0062
-0.6898 0.0000 34.0854
-0.7510 0.0000 34.1645
-0.8121 0.0000 34.2436
-0.8688 0.0000 34.3260
-0.9254 0.0000 34.4084
-0.9821 0.0000 34.4908
-1.0387 0.0000 34.5732
-1.0954 0.0000 34.6556
-1.1521 0.0000 34.7380
-1.2087 0.0000 34.8204
-1.2654 0.0000 34.9028
-1.3220 0.0000 34.9852
-1.3783 0.0000 35.0679
-1.4290 0.0000 35.1541
-1.4797 0.0000 35.2403
-1.5304 0.0000 35.3265
-1.5811 0.0000 35.4127
-1.6318 0.0000 35.4988
-1.6825 0.0000 35.5850
-1.7332 0.0000 35.6712
-1.7840 0.0000 35.7574
-1.8347 0.0000 35.8436
-1.8840 0.0000 35.9305
-1.9254 0.0000 36.0215
-1.9667 0.0000 36.1126
-2.0081 0.0000 36.2036
-2.0495 0.0000 36.2946
-2.0909 0.0000 36.3857
-2.1323 0.0000 36.4767
-2.1736 0.0000 36.5678
-2.2150 0.0000 36.6588
-2.2564 0.0000 36.7498
-2.2957 0.0000 36.8417
-2.3282 0.0000 36.9363
-2.3607 0.0000 37.0308
-2.3932 0.0000 37.1254
-2.4257 0.0000 37.2200
-2.4582 0.0000 37.3146
-2.4906 0.0000 37.4091
-2.5231 0.0000 37.5037
-2.5556 0.0000 37.5983
-2.5881 0.0000 37.6929
-2.6173 0.0000 37.7884
-2.6394 0.0000 37.8859
-2.6615 0.0000 37.9834
-2.6835 0.0000 38.0810
-2.7056 0.0000 38.1785
-2.7276 0.0000 38.2761
-2.7497 0.0000 38.3736
-2.7717 0.0000 38.4711
-2.7938 0.0000 38.5687
-2.8158 0.0000 38.6662
-2.8334 0.0000 38.7645
-2.8449 0.0000 38.8638
-2.8563 0.0000 38.9632
-2.8678 0.0000 39.0625
-2.8793 0.0000 39.1619
-2.8907 0.0000 39.2612
-2.9022 0.0000 39.3606
-2.9136 0.0000 39.4599
-2.9251 0.0000 39.5592
-2.9365 0.0000 39.6586
-2.9438 0.0000 39.7583
-2.9491 0.0000 39.8581
-2.9544 0.0000 39.9580
-2.9597 0.0000 40.0579
-2.9650 0.0000 40.1577
-2.9704 0.0000 40.2576
-2.9757 0.0000 40.3574
-2.9810 0.0000 40.4573
-2.9863 0.0000 40.5571
-2.9916 0.0000 40.6570
-2.9880 0.0000 40.7569
-2.9827 0.0000 40.8567
-2.9773 0.0000 40.9566
-2.9720 0.0000 41.0564
-2.9666 0.0000 41.1563
-2.9613 0.0000 41.2561
-2.9559 0.0000 41.3560
-2.9506 0.0000 41.4559
-2.9452 0.0000 41.5557
-2.9399 0.0000 41.6556
-2.9307 0.0000 41.7551
-2.9211 0.0000 41.8547
-2.9116 0.0000 41.9542
-2.9020 0.0000 42.0538
-2.8925 0.0000 42.1533
-2.8829 0.0000 42.2529
-2.8733 0.0000 42.3524
-2.8638 0.0000 42.4519
-2.8542 0.0000 42.5515
-2.8447 0.0000 42.6510
-2.8273 0.0000 42.7495
-2.8099 0.0000 42.8480
-2.7925 0.0000 42.9464
-2.7750 0.0000 43.0449
-2.7576 0.0000 43.1434
-2.7402 0.0000 43.2418
-2.7227 0.0000 43.3403
-2.7053 0.0000 43.4388
-2.6879 0.0000 43.5373
-2.6700 0.0000 43.6356
-2.6456 0.0000 43.7326
-2.6213 0.0000 43.8296
-2.5969 0.0000 43.9266
-2.5726 0.0000 44.0236
-2.5483 0.0000 44.1206
-2.5239 0.0000 44.2176
-2.4996 0.0000 44.3146
-2.4752 0.0000 44.4116
-2.4509 0.0000 44.5086
-2.4252 0.0000 44.6051
-2.3919 0.0000 44.6994
-2.3585 0.0000 44.7937
-2.3252 0.0000 44.8880
-2.2919 0.0000 44.9823
-2.2585 0.0000 45.0765
-2.2252 0.0000 45.1708
-2.1919 0.0000 45.2651
-2.1585 0.0000 45.3594
-2.1252 0.0000 45.4537
-2.0895 0.0000 45.5470
-2.0496 0.0000 45.6387
-2.0097 0.0000 45.7304
-1.9698 0.0000 45.8221
-1.9299 0.0000 45.9138
-1.8900 0.0000 46.0055
-1.8501 0.0000 46.0972
-1.8103 0.0000 46.1889
-1.7704 0.0000 46.2806
-1.7305 0.0000 46.3723
-1.6888 0.0000 46.4632
-1.6460 0.0000 46.5536
-1.6032 0.0000 46.6439
-1.5604 0.0000 46.7343
-1.5176 0.0000 46.8247
-1.4748 0.0000 46.9151
-1.4320 0.0000 47.0055
-1.3892 0.0000 47.0959
-1.3465 0.0000 47.1862
-1.3037 0.0000 47.2766
-1.2589 0.0000 47.3660
-1.2133 0.0000 47.4550
-1.1677 0.0000 47.5440
-1.1221 0.0000 47.6330
-1.0765 0.0000 47.7220
-1.0309 0.0000 47.8110
-0.9853 0.0000 47.9000
-0.9397 0.0000 47.9890
-0.8941 0.0000 48.0780
-0.8485 0.0000 48.1670
-0.8044 0.0000 48.2568
-0.7608 0.0000 48.3468
-0.7172 0.0000 48.4368
-0.6736 0.0000 48.5268
-0.6300 0.0000 48.6167
-0.5864 0.0000 48.7067
-0.5428 0.0000 48.7967
-0.4992 0.0000 48.8867
-0.4556 0.0000 48.9767
-0.4120 0.0000 49.0667
-0.3718 0.0000 49.1583
-0.3321 0.0000 49.2500
-0.2924 0.0000 49.3418
-0.2527 0.0000 49.4336
-0.2130 0.0000 49.5254
-0.1733 0.0000 49.6172
-0.1336 0.0000 49.7089
-0.0938 0.0000 49.8007
-0.0541 0.0000 49.8925
-0.0144 0.0000 49.9843
0.0184 0.0000 50.0787
0.0511 0.0000 50.1732
0.0838 0.0000 50.2677
0.1165 0.0000 50.3622
0.1493 0.0000 50.4567
0.1820 0.0000 50.5512
0.2147 0.0000 50.6457
0.2474 0.0000 50.7402
0.2801 0.0000 50.8347
0.3115 0.0000 50.9296
0.3379 0.0000 51.0261
0.3643 0.0000 51.1225
0.3907 0.0000 51.2190
0.4171 0.0000 51.3154
0.4435 0.0000 51.4119
0.4698 0.0000 51.5083
0.4962 0.0000 51.6048
0.5226 0.0000 51.7013
0.5490 0.0000 51.7977
0.5718 0.0000 51.8949
0.5880 0.0000 51.9936
0.6041 0.0000 52.0923
0.6203 0.0000 52.1910
0.6364 0.0000 52.2897
0.6526 0.0000 52.3884
0.6687 0.0000 52.4871
0.6849 0.0000 52.5858
0.7010 0.0000 52.6844
0.7172 0.0000 52.7831
0.7289 0.0000 52.8823
0.7349 0.0000 52.9821
0.7408 0.0000 53.0820
0.7468 0.0000 53.1818
0.7528 0.0000 53.2816
0.7587 0.0000 53.3814
0.7647 0.0000 53.4812
0.7707 0.0000 53.5811
0.7766 0.0000 53.6809
0.7826 0.0000 53.7807
0.7836 0.0000 53.8806
0.7799 0.0000 53.9805
0.7762 0.0000 54.0804
0.7725 0.0000 54.1804
0.7688 0.0000 54.2803
0.7650 0.0000 54.3802
0.7613 0.0000 54.4802
0.7576 0.0000 54.5801
0.7539 0.0000 54.6800
0.7502 0.0000 54.7800
0.7395 0.0000 54.8792
0.7239 0.0000 54.9780
0.7083 0.0000 55.0768
0.6928 0.0000 55.1756
0.6772 0.0000 55.2743
0.6617 0.0000 55.3731
0.6461 0.0000 55.4719
0.6305 0.0000 55.5707
0.6150 0.0000 55.6695
0.5994 0.0000 55.7682
0.5746 0.0000 55.8649
0.5460 0.0000 55.9607
0.5173 0.0000 56.0565
0.4886 0.0000 56.1523
0.4599 0.0000 56.2481
0.4313 0.0000 56.3439
0.4026 0.0000 56.4397
0.3739 0.0000 56.5355
0.3452 0.0000 56.6313
0.3165 0.0000 56.7271
0.2764 0.0000 56.8186
0.2339 0.0000 56.9091
0.1913 0.0000 56.9996
0.1488 0.0000 57.0901
0.1062 0.0000 57.1805
0.0637 0.0000 57.2710
0.0211 0.0000 57.3615
-0.0214 0.0000 57.4520
-0.0640 0.0000 57.5425
-0.1082 0.0000 57.6321
-0.1624 0.0000 57.7162
-0.2165 0.0000 57.8002
-0.2706 0.0000 57.8843
-0.3247 0.0000 57.9684
-0.3788 0.0000 58.0525
-0.4330 0.0000 58.1366
-0.4871 0.0000 58.2207
-0.5412 0.0000 58.3048
-0.5953 0.0000 58.3889
-0.6549 0.0000 58.4687
-0.7221 0.0000 58.5428
-0.7893 0.0000 58.6169
-0.8565 0.0000 58.6909
-0.9237 0.0000 58.7650
-0.9909 0.0000 58.8391
-1.0581 0.0000 58.9131
-1.1252 0.0000 58.9872
-1.1924 0.0000 59.0613
-1.2613 0.0000 59.1338
-1.3322 0.0000 59.2043
-1.4031 0.0000 59.2748
-1.4740 0.0000 59.3453
-1.5449 0.0000 59.4158
-1.6159 0.0000 59.4863
-1.6868 0.0000 59.5568
-1.7678 0.0000 59.6154
-1.8490 0.0000 59.6738
