2.3040231139258953 2.3896908693231413 49.44915485897286
-1.8599980858071579 1.7764010072546261 27.753989557541075
-0.6096207074723777 -0.00138737032531707 26.542768473815165
1.53208619329545 1.2714002345685484 10.859043767169023
-1.4775548318634315 -0.002051331955343738 1.1789610644097328
2.155717076751632 0.5735027428154764 0.49134169896060975
3.1014973925914835 0.5316136526329805 17.523781710412855
-1.5802291131034236 0.6709986986457245 42.84269042542851
-1.0471564896881056 -0.19344159712921336 0.9264948457224528
-0.3282421138816045 -0.17073789445645585 0.494948907718212
-1.445152796352625 0.21672358779615777 24.946917656716405
-0.3957593303080225 0.9061027382378506 0.7203753169194242
3.5212481283758397 1.7301384029775269 8.539063889906055
1.507805277209816 -0.007548767309226961 -0.8319418768939189
-0.10020413477290774 -0.6411047014561938 -0.5878722542423443
-0.008765868047122233 -0.02132694414342043 0.29951440819109854
-0.01388132387088975 0.5686920627063378 43.73851081177581
-0.01985521101477592 2.055071844423561 24.421369233610914
0.423945035910071 0.7052664182905652 -0.3631639328448629
-1.308407849764781 0.46695149555571935 1.2900866379898923
-0.627293018683186 0.3616161016264521 20.439562425992648
1.213509640720826 0.7733617990898851 -0.4966487269302086
3.3259318295147633 1.6727826651452151 3.4884481379702197
-0.6946564900065216 2.4596972687567695 51.92556912573289
0.34470254670914136 0.6842607056132053 0.016366392418345088
0.8668447884613751 2.9779780267832523 61.067120520261454
1.604252417258797 2.027775644027897 59.519799595858416
14.581932364511836 -0.13392160208914197 8.989664056680779
2.252097338331919 1.1784545663640507 4.668670863019443
16.320187158816754 0.6391236156054584 9.232924363375508
1.3452916836219058 0.6338368074502196 -1.1843053561829242
24.321050923624245 0.7728868692526804 10.624560120405732
1.2183767958045875 -1.0062938097564145 -0.33973039345086775
4.733391007267822 -0.21729372666820942 9.9382892055035
2.6787797527882296 1.5359417199156333 18.832761474072854
28.246217375831762 1.0645568745241767 10.305756175338274
-0.6546513219458876 2.171726087783436 24.573967216372754
26.534739139951633 0.6516080241019641 8.84246826441036
4.429819492439798 0.22911334667920993 3.8642314005296146
0.6404918393336803 -0.16980206849879784 -0.6093919626104484
27.387211193509977 0.16304633873789043 9.44735029279462
4.890767398759354 1.4753994035730638 9.364008883681015
1.1177783933728804 1.0020263276654868 4.598158921978774
-2.3143045130277446 1.7790221547288798 29.76966720847558
-2.339500680355248 1.7971097871011255 26.93836194446234
-4.1646655207082155 0.4449295138381227 37.420891396442194
-0.12380949718874235 -0.8381818110881317 0.6174146348639152
1.234358113747701 1.0401285743500532 2.929106647949898
-2.541058995896997 1.8405016844605449 28.49496359730834
24.423857643171242 1.119300618733239 10.582109123602784
4.553854570094966 1.5410133458056423 10.549625840464772
0.09268876366361545 -0.47261682614388856 0.01848182740645908
0.040498008763812834 -0.6947426024211489 1.574847905993833
2.9324599710273413 1.1594207939783867 11.611844333956512
4.033516027370487 0.013923182808900814 8.03692226617859
0.6391712728306942 1.5031890739165419 44.34641398434518
-0.4110089043386302 0.9454102435944233 0.29508123956904453
-0.7824172362673999 1.6916108467846245 24.99036242683061
-0.16171485612700826 1.994730136723911 23.339346635850184
3.1612726330690712 -0.4040277977146314 13.800253134290799
-1.0771839394573188 -0.9977226261318543 0.641622753268579
-0.968660045910721 2.0815094161323326 39.06431133806236
3.1662810979920715 1.4777690234630696 7.703800900407028
-3.353619946490493 1.5042504018026799 29.162764834711982
-3.19273737683911 -0.034884644465927706 31.041743548135813
3.0082544179626143 1.360675790057365 16.496565858172417
-0.974621203794263 1.774819465902449 23.47178946188143
1.344711058050143 -0.6405615703321612 3.8326051887198838
1.0058523576790277 0.5556666572233764 14.662123834383335
1.6381217783998623 1.733029942861098 23.803460232104758
22.667950003349503 1.2098147803914732 10.583544468946418
1.4738007008066423 1.4873083207083586 14.560055568230426
-3.060755460619494 0.9599925522075738 28.707674922878013
3.2869296325274924 1.6549925592160188 15.325571339722497
3.1590712692701834 -0.634448516392476 5.335028644968527
-0.9201212975406997 1.2923321094693283 46.687559267714136
2.7857362478582925 0.31154347957474277 0.5154484875417836
3.943842144748148 1.5714916154235168 15.728216221636158
-2.8936498682386955 1.3235910810145928 27.62402394572072
2.5980175098706173 -0.6281280292951723 -0.015809516057948114
0.2027660561335129 1.0165125246176487 1.5570536433197224
-2.147169203206829 1.9456884571173312 29.26178749321674
0.13701781903405852 1.5963720440416007 27.50971322644815
-1.255082852668241 0.8615550778588719 38.01116457281955
-4.175880921141882 1.6963129102435484 40.66360456149827
-3.0420111015673714 1.215190540704815 27.59791482564496
-2.9114111393085795 1.384245823740033 26.870876878362363
4.154748623408415 -0.2769000520812387 4.022683474193427
23.024425350944927 0.6584166307955633 11.12854990493876
11.310675568472208 1.3194620296771897 9.04500896645353
-0.8523971455791965 0.9160180150086128 42.65388830562863
-2.2946494046198094 1.830536750731947 27.250430218181215
0.2800919171854306 -0.8865342550393733 2.1646571350055566
-1.6386665508537557 1.672260591939494 46.648162807282326
0.7932510231787815 0.9070798187190974 2.248791948827631
2.2409940804565593 3.5165732538444763 54.22668945937487
0.6306556485824969 0.7642419309064232 4.457197958408194
-2.4507499910440247 1.5261882945401637 26.32025143051397
2.489278951494177 0.46097007799936995 23.285326147486256
1.773922005269177 0.6710204447013103 8.32196236238708
-2.591974500702116 1.3550685963273772 27.928692023108823
-2.232424641866115 0.8129353099987314 24.670794614176888
3.675396422622187 0.031537140749435505 16.656403316400844
-1.540856915007882 1.717117569294329 24.743710947700183
-0.323881471487377 1.7102117775929158 51.70651166662652
2.873242709887379 0.2574213103537605 21.315091929290585
0.09997278111055492 0.869861569292983 0.15138787502279688
-2.227081797257183 0.8168103115958377 25.313321403160305
-0.7381376915211776 2.282940497191368 29.218366149875354
-1.6980238125032878 0.2880742486847005 23.98646731072801
15.067711702682134 1.2457675371749184 9.288910541400135
-1.2050323707455097 1.2107696789207754 22.10310254183151
0.2652817090070193 1.0185164894589052 19.29558849278552
1.7917560096325353 1.0057725611689476 18.278061898103086
-0.25274135698249367 2.2551925239859902 26.90895403592659
-1.730896117753755 0.38073385423197087 24.163896077483052
-2.5853846274377403 0.8532319061755966 26.07480214833573
1.3951544890222958 1.2006982894242657 48.36378665000533
-4.126929198428129 0.4598977160060207 38.70197156510736
8.062373109929474 1.2792249764410526 9.961015361792052
-2.4112759806017316 1.259697986863262 25.262254674494493
2.1457540559382076 -0.09409565401636716 7.584164304785286
1.6556071727961714 0.37481948366343665 -0.296429451468448
-1.2506794584152554 1.1635240779814384 23.625306936572702
3.8510558056425146 0.2865442924031714 2.8102917785172696
2.3687551956784745 -0.6267844762292709 0.8400850884674664
28.563890732125856 1.5005628612509807 9.900299819912924
1.4853280021874382 0.8395364169104984 6.402368417029449
-0.8446108773244372 2.378769928649432 26.877886010867094
0.8756031591108349 3.763111531818798 53.78809581834675
-1.267094436205374 0.5119150555707623 22.89031212063373
1.57138424653126 0.18611181181098274 9.391600096506707
0.13448378754603602 0.5415288825334074 28.359902721122143
2.7061686280251402 1.001762530952744 20.644945648684132
-1.1914397099706833 2.005669659327032 25.68835997308667
0.7328241726008008 0.48564480886784717 19.23308780182109
26.481613200609235 0.7626461758348065 11.124186493344272
-0.8195556894296019 -0.10396283753531038 22.183349701000836
-1.3500814083226642 0.8926004720280736 22.136676504886296
1.122515835483943 1.0652705271097842 18.27659581537533
-0.4098280771132243 0.5811377141507923 20.64258126323912
-0.8302485748441225 0.01753432884709423 2.3621542060096967
-0.9770093903096282 0.5033804732935168 31.69672828289913
-1.4644390872403452 1.2851933656404688 23.035712686212975
1.4948285746767225 1.0197860503152385 15.983557775070425
-3.83474260572853 0.8063495726703735 32.50613118964622
3.3430208467305373 -0.847301675270699 5.703410029592583
0.9845437765335054 0.19371303961547331 6.704589109026315
-0.8632028216203902 1.6300567564510087 21.795032699166722
1.326829889565096 1.6730615904808568 22.022892348606053
-3.340308042110053 1.7223703212372126 29.95438994116792
-2.591712200580248 2.2165433877998306 37.24801939580648
-1.934744689533842 1.56503987090354 24.499235118152725
1.8797965225506896 1.7448630240250536 57.01850836744139
-1.8999494892742623 2.0817870972007255 29.380493477842027
2.0788034731019733 0.14824707884738242 14.027249964401049
-1.681473881801382 2.009840263877625 28.42514800511833
3.0021881891647735 0.6704996681477464 18.77382122018111
-3.072998109532347 0.6071459592084484 41.21570803889282
-1.2688751011329409 1.6627926081516111 24.71328369933696
-0.4293472716072272 1.795415847360998 22.868077653361766
5.486002101968996 0.545069258481725 7.009254687515865
1.1604771645037235 1.0951671033952004 15.797672036218893
-3.0602136170101675 1.404354146327928 29.270991766399227
-0.14720874712244586 -0.27824038477828644 2.3615733094658697
-1.8918434021749027 0.35303642746401087 32.25497867797607
-2.8071681803374045 1.656135882833616 28.116964176800494
-3.104772915328048 0.21039467508251752 29.189320915499312
4.706775120544341 0.38268456533742057 5.003662010531135
-2.0007878236564705 1.6102202495241877 26.104753318750433
-1.9360505420230043 2.191270121752689 26.92550228894544
-1.0676120792587445 1.557767179398574 38.02341656164194
-2.9085530311288514 0.4656832072173657 33.761422805193625
17.79854719201325 0.6476185543516833 11.019870019460358
-1.4225023898062463 1.547898392172094 26.273764131252527
-1.0788345961650978 2.326076045951363 25.561135386228557
1.2563662969576026 0.07562492446408833 23.44842741538771
-0.2523774610376351 1.5575848312368317 21.61535279944242
-1.3841084969953332 2.1778519682527633 49.35487098657618
0.6121252584381918 0.951583328277398 18.768418506607503
0.055408438492655226 1.9236504312684726 22.68795816391382
2.237203214815063 1.360334924537797 53.062963577628565
0.06123254009246745 1.9068975209016044 22.95516851517667
3.2618766707142712 -0.6328645976625225 5.348508059477235
0.9761126942784021 1.8555616741033838 22.93410566046409
2.4184974892695985 -0.5809833746492652 7.155704834155102
-2.7496895806322232 0.14325898535421902 29.318901743366236
2.257501995709713 1.0664740916301372 17.55893586197961
0.5710053333497338 3.83187308875794 56.12967365763626
1.6113983906987124 0.4461586617159188 11.472696981731799
-0.042728590571853284 1.7248679116219918 21.154270635502332
15.310365362319459 0.8571039968143717 10.525993244876933
-0.5891347744932325 1.063250798591269 19.96153058168742
0.738307095922397 0.1662721699011816 19.413951327396425
2.2818393017838567 0.9121457801575742 2.1333562567120357
2.907628618150043 1.5545274400994593 53.558256494047995
4.690588800134168 -0.3718057995563724 12.859039024809219
-1.8304550491741578 0.08620023132102084 35.24512182301196
-0.9180467347884655 1.3066646913100735 21.39568796020905
0.2300994246929748 0.7130498127471486 19.7236546200071
0.5504781178888284 0.42581551787749916 27.920022316075304
1.5470926487774954 1.8566877459591695 24.41534620744093
1.0500865231475531 0.8028103564569964 17.923491394180328
-0.006698846108624885 1.295871728429815 19.779792830288343
0.30478545042493127 1.6654630058799647 25.390306413246023
-0.23891048968486422 1.1062032254378025 20.20960950992622
4.0334200135796 0.6207896741404489 3.238663641407327
1.1745761470623926 0.2342045189834115 18.249319302467633
1.2254445957899551 0.7284425295227545 17.058477042877307
-3.922973794486185 0.4846719743328977 33.792526407956416
1.511608092575717 0.2692533152490451 15.521749285490513
1.9108980611139437 0.922572020523133 17.25502866568357
4.985354094471448 1.3998232885798885 11.413285177578553
0.0297112991563539 2.301248098556189 42.091849536480915
1.4514654574553623 1.2884642401635331 15.323904687558356
-2.3399862515616614 0.851100453658355 44.19459649063855
9.725075854784828 1.696417149391393 9.990353418401963
-1.2897940461648898 0.9184171354488956 46.288606727522925
1.2168303466053354 -0.19514427699103382 5.175761996729739
7.195586072016707 0.6300465138980366 8.996399735120052
1.9951638666198455 -0.4453189348451783 5.73084834133794
2.5903821146946973 -0.0776700936476522 17.099793441020964
0.4837663136796808 1.8987739635435332 20.475245589198188
-2.6166496063382585 2.060818198701139 46.23453997294594
-2.35281659300165 0.826312672696566 28.72646276921779
0.8249150912780001 2.379870421300664 45.333127370587746
4.10636919236772 -0.251063491416027 10.158934829195523
1.0045907330113137 0.34358926235841275 25.45353041783911
0.47815308702436954 1.5995144056073938 19.637651043639245
-0.43867691527383035 0.07964798828227417 21.960845538133498
0.6794145584482163 0.698910579495701 49.898190637895766
5.621323841387133 1.028932035970604 11.627859708341976
1.418689512719687 1.64050881160389 18.59254267181188
-3.006351522661881 2.0221445555598536 40.71271282356742
-3.9333117062683267 2.2508574836507984 35.65459651568786
0.44079247346951245 1.7006326973714394 21.525204068117553
0.5915149190140334 3.397832985236054 50.15765855651597
1.1967502822857174 0.5966190248427633 9.968349854527228
0.7317335444856518 1.8286551580804795 21.484087631521678
1.1147345688149488 1.4542578256667618 20.62658376594081
1.6356395211718138 1.6542331046355665 20.164726796566306
2.042528127787818 1.4085360033342254 6.631051845131971
1.538255773322368 1.0594205242355648 11.889297593045688
1.2128921015815628 2.151571721231261 21.233173193731098
0.338112788224488 1.9446187239102735 54.85237509366738
1.872244539794517 2.0601861958412346 20.289547611777277
1.5791432990066607 1.6694312074241366 19.424685039782318
0.17904369623761235 3.0746877232511447 56.58739493247537
3.9525076449507717 0.022659552932989407 2.601609376430808
0.05427612823115861 1.1334829917901914 47.613574600490026
26.672813662530807 1.2043399234719019 9.44972734225425
2.0261715920279704 1.3956678790977026 16.313325198210237
2.597417941211335 1.8360373608674854 15.816781356885622
8.945315104661724 -0.3814385122592568 9.767244566766786
2.4703015781154973 1.953666410866249 15.011845062799575
4.720226720353413 0.136347152889961 6.317811376594523
2.4839827106382493 1.4775061172893587 17.76942706333324
1.385643976302392 1.0157958968295278 0.44254424809330456
-0.04797159635794282 0.3754278949828569 3.5692921261034405
0.023733116029826314 2.86921109519142 45.10583397857173
-1.0812516911566714 -0.30533629882719754 29.070382447616108
0.6724729710768549 1.7063942761800113 22.074175989109218
12.024362591528222 1.5038155202582448 10.097660231375256
2.911511580774443 -0.3855194348050607 2.943028885447742
-2.3985872976819578 0.40798506594784156 32.92480343427177
-1.3779329534802836 2.142766147636359 29.903255522203825
-1.483179707153234 2.0797067977764807 31.850073369475723
-1.0714446509466669 2.3058291529409995 28.029289875607628
-0.16965759430649013 0.27938333350196665 27.33851672879115
-0.9206036172540624 1.8465828694893842 29.935671836352366
3.9260567630584675 -0.30955499458189883 5.10739840675145
1.7959739634937715 0.410566023569283 25.726600751215173
-0.9730567191034989 2.2813664489821663 27.623510112237007
-1.574374670631362 2.09359099742521 48.68015105079248
1.2767323750727329 3.3929020254553226 50.71808175280232
0.7765639418796271 2.943619708548606 45.60861479215671
2.242722488888481 -0.47876487599822126 10.721776859500533
1.2392644667355819 1.8270348820763287 25.145120513541354
21.457329622206007 0.02817014993381617 9.563918328954166
0.021479951189800617 1.916344830052961 28.716796440981863
3.748127379360305 2.690398763930183 53.31309433066148
0.31334077429079576 1.8253419331401073 26.983296368325806
4.370087490408433 -0.04582564291981012 8.397807045132632
0.629086293750142 0.08525534822557237 5.902260341838367
0.8260334274122005 1.4244345805882632 27.748826679939604
2.4729573576218145 -0.4430019353540122 14.704392719682478
0.2696594151784401 1.7515832001846907 26.038320576602437
-2.3122283638462235 0.4418513575398837 41.44434662223812
-0.017590528771971925 2.0779651444112996 22.416330284905246
1.0606069512848753 0.46895581322017 13.297585254185913
5.500051930498074 1.0792019939315278 7.572655763185513
5.600448760161174 0.3369216394956299 12.95111011187223
1.0447148794298147 -1.2432137395355123 0.6497190588329843
20.247188458558327 1.4382691140802568 10.421206874217773
0.6410180805279292 1.9094599825675194 25.194087692817437
3.1173808258905114 2.978558415574578 58.017247037511915
0.38667656375907067 1.2713957873146682 0.9926649074355198
-1.495200240173435 2.787008656925327 46.05902442839675
0.17454432977531667 2.267133510135846 44.61582877730132
2.5288639807867916 -0.9327035792951646 1.9708138535788289
0.703615274014545 1.9979399899544719 23.329575631541434
-4.589329429351432 1.4984042811260734 35.729245021242654
0.6902842428567266 1.9888951331449347 24.414271759674808
26.888725308797273 -0.4047387989144019 9.934899808604918
-1.2308799079951955 1.9831573615877185 37.362634638438514
1.3516380373405346 2.1573731715084756 23.024027837417723
2.4983190666951294 1.1960431710974697 6.280009672053489
0.6723587879401806 1.752858063633199 26.06447449580954
0.851766930345441 1.4582436538830403 26.16910879699528
3.2835833061816673 -0.1685059983354621 3.959219802505578
1.0025981704619589 1.806097550895486 24.022583284173642
5.260774655653564 0.7215035430413135 14.049712887161986
1.6238727176185446 1.8650404218626861 23.045993864530097
5.580999456807587 0.6846650701524248 13.33548993057215
1.876038391619159 1.5523580730061233 23.49099428428524
-3.977265649028589 0.9610286266399746 39.71165758333452
-1.6813472415239827 2.5196564267216113 42.31769718337008
18.82524045691246 -0.46820678903606927 8.966593964005153
-1.5512785280721952 2.476112755968136 40.218387739631645
0.3090748256098957 1.7119194894831988 27.615100915803673
5.199478312079143 1.177125700842612 8.24318323378298
0.2980008905707497 1.685740059855229 29.262711309119936
3.437997198492783 -0.2630684484926528 15.605041823520729
0.0037987246926134838 1.406061229653109 30.03856941419835
0.3135375911001542 1.772014146957218 28.45930097571872
0.7511794322857699 1.6030713186330547 28.406459555755
-1.3508175920588392 2.862817472807199 42.988933009586326
3.248315670132638 1.2209347581918262 6.681394769813332
0.6591467958951716 1.7738414895020025 27.129416808444027
-3.4619301598694108 0.5126530111968448 40.602687109321394
0.7535686749568583 0.4774430225406664 5.060808980899199
0.4164899861093879 0.5649903781568598 29.25784296063759
1.3123615797231956 1.5349136495603126 26.058389156566097
1.6172743164401424 1.434239989171649 25.499477814014675
22.813699647007965 -0.01519726043467523 10.744227798248524
4.0761326732773275 -0.6190749636380366 9.538325629677896
-0.4016032094743738 0.8871507673352409 43.73816484875362
2.2457273748946793 1.237800018318338 22.359495732884103
19.95014537934661 0.479463498261735 9.45512018229028
1.4261705728067655 1.0249617913865068 26.640918500010333
-2.8191360730512667 2.112006134687949 30.68769096101484
10.280313907073687 -0.6657640719922139 9.922568626108887
5.522634398323646 0.8040731556855134 10.889505963908437
-2.8435799654753184 2.250216984807703 39.46633134115345
1.84172223990929 0.9389931631559925 24.629217309743176
5.003545024683232 -0.641998946870364 8.349074320141575
2.479699324250236 1.969028999690349 20.62970663455887
1.2165623701493957 3.7360194171767205 53.08218557803676
4.947441216426548 -0.4194392779221282 10.5342199272214
2.395366650805128 1.596519255141499 19.821700565813007
7.044865273094962 1.275725252962885 10.279288071116296
-0.24660228249477772 0.9179386748626854 1.621323445009049
-4.474593251753427 1.9543857238443305 35.5644991140963
2.401764374908737 1.3270173381975408 21.938375857711666
24.297354875660456 -0.3682551791129964 10.637356841142532
-0.5702404245833759 0.5575769984252186 20.099775739162624
-3.5516886085732358 0.3758525786250714 34.90569580122489
1.117760948399355 0.36058100859900355 14.477407763691172
-0.9142166620639743 2.10178357361643 59.4844613333497
2.89677289808075 0.7742814755132282 19.73805048295609
1.889187900010013 1.9786568417578279 20.96373417475937
5.809736570636573 1.3139459152543251 9.389333713286
2.779932294910201 1.833457698069889 21.67165619306127
5.229035528867461 0.13899713458258922 8.636971976406645
-0.5338461220544859 2.034393575165374 41.97936450201606
3.4057695199810993 1.4128494038750807 17.33286786835655
1.6591303243214808 -0.9730357870013235 1.820258743371211
3.249823343019225 1.431314940759446 15.091086084400995
3.071879318385539 1.2122589109431268 18.303158208393675
-2.6882144123812113 0.7466292087566586 27.105715208328967
-0.07328946197191999 1.233358519767422 47.30122695310004
3.742741858940898 1.5500878682222734 15.271312924223315
3.7472294207879333 1.4592200048516402 16.453719735131425
-3.5364430626216974 2.253823995334003 36.51122977494839
2.9573260161689636 1.5259577336386578 21.344791295456112
0.7118095172973506 1.3779881354568617 51.034755003170346
-1.2428232793940555 1.82317411099435 49.39762267039666
-3.230754242495932 0.281041815991822 38.15883792312154
-1.1643643490825686 -0.16325982233366215 27.697214480309796
-4.266749816374714 0.7615953463430031 37.293437641298475
4.794892106630295 1.161726474422583 12.673610098082799
2.844583826951359 1.1520125048461476 19.535223234522572
0.29531547302708205 0.5964321253979935 29.99130504621902
3.1349735357378603 0.9923829150872526 18.875719349347943
10.835223709638461 -0.1798401002247893 10.112821454171835
-1.046740531205416 1.5003986196741352 50.124824665325114
4.72604570743703 1.1492088751875387 15.014278971362428
-0.08984054981736345 2.810543370392874 50.65822372089335
1.4940847554865764 4.232868062352385 55.611403481132236
2.956312874320316 3.4530837034516204 57.80682823495124
3.0260107811044077 1.140803016392102 22.262447266192744
-2.434313080562392 0.29038839507323183 27.71461858884157
4.461016683448366 1.4222381871025427 15.5563106684689
1.1024695370857762 -0.8941899660119745 3.869193590845323
4.45751798612112 0.6094022301548228 15.730756396625758
5.8411906491365935 1.814102212525881 10.693398181979731
14.420932652116225 0.6367528343644019 11.309049271250052
28.36101417841963 1.4418538465428907 9.778496529744476
4.645828362012379 1.3696161700685578 13.077414844095054
4.202565841855588 0.6595393931222535 16.556465963542227
3.3078685596475075 1.5658409027929268 13.869405272774427
-2.6849407503972804 1.1480596938050966 43.10000915271679
-0.46776009388343515 0.2688592888832896 25.988581963870217
1.1408649359305256 0.6327902498153777 14.003364657115428
-3.6083907669523914 0.8585611528424504 30.71013667529993
2.1300941499426425 0.4780759036317056 20.23660557306277
1.622957572543413 0.8219129746038276 12.253256723712399
1.485474932251168 0.9263830166947925 10.854313019188778
0.35637098140281753 0.020234076423007757 19.63643169288059
1.4145686093159728 0.9193180240196306 14.188248814075527
2.706100574661725 1.57943497134023 5.251286832142923
1.4761698642627725 1.5437676654347674 13.306103607443037
3.2890643291982555 3.09192159934103 56.72983992734711
5.336171136093995 -0.2544448568676978 13.175404910929732
1.2785057775958886 1.4834937561648112 12.435171688550724
2.305617857090989 1.0522299244945412 10.89167475774093
4.7704102738932335 0.5355612399287075 5.247009791918252
1.568449776186115 0.6782123821696552 9.41235706993963
-2.8843423357148943 1.1632340221752813 44.946890674654796
28.75849698690546 0.7430858625705143 10.80086044199161
1.901620826753401 0.746525212001951 7.651471852650439
1.7011420068252814 0.9775047832264894 9.928460769453409
5.537338937332398 0.3496002983926588 7.618537390100857
1.9356129644224946 1.0012495471623315 9.72753031171754
16.84341254608492 0.4625293890815624 11.211438551331684
2.4761175661657835 -0.8110374841096473 4.450713567889064
2.4070913347259415 1.3212725591449181 9.933677623312045
20.80980733735784 0.04255379173935725 9.362560372026937
5.181203383627107 0.6458136025967757 5.918857859127215
-0.35528124578690073 0.071168473494971 21.241363224517023
-3.6749904629633185 1.1231661990818644 29.62136556440801
27.925709175177595 -0.39584888973048227 9.882613938240155
13.697133752013155 1.6872850667334685 9.060275015039291
5.0682987596054 0.5384652293814448 6.501918031629223
2.241528094749325 1.6908173904452475 9.162429381168993
2.001446242802643 1.1091027997322418 8.549098824240351
2.267178540187522 1.2758075753365832 8.524811110668844
5.047642333425798 1.3612936144028542 7.321537343563872
1.803727111051589 1.2472746915421609 7.392630476155244
4.7259184491564135 0.03339443892742952 4.268520869751607
2.370025168133303 1.2271487267095187 13.12467650514164
2.257339482815032 1.5998189873627056 12.514987815974386
11.348314923578894 0.9472747864394602 11.246852104580128
2.055094301272914 1.4455402201288177 11.708070575037194
2.7106159727639474 1.5751000819467822 13.957100676935063
0.7116869571268698 3.806102501943745 59.374110223874084
-0.4557940180905586 0.23097606964259787 24.280860572220686
8.191258518937047 0.013271568953875337 10.821886763620968
4.850671273737285 1.054605663418923 8.353744779995338
3.0688128135491937 1.6581050512739834 12.36282101480998
-0.23598401471779992 1.9898214385101802 54.68413973172403
-3.8299230599681633 2.109948812477073 42.09113123868722
3.1204756560781783 1.266064275979772 10.83508268189412
-0.36904717113518815 0.671006479478769 31.413786312626574
8.311334595554456 -0.39179095503984857 9.75613692596245
2.276933325429848 1.3346800988728447 7.682340022156877
3.2477729049734445 1.5285410272935342 10.355267981596782
2.89721697272091 1.472609337561314 9.463784505312674
0.5377127083780621 1.715762087384312 56.702013825387105
1.8306468618839884 0.267664349553586 23.017118934709025
1.253102904859774 0.8321249149354619 6.040091584340766
2.282689948762364 0.2345958125929874 21.153500941673187
1.5299288130601894 0.6184761424715414 6.865391524560399
1.9719688513466473 1.3750967395804095 6.724300944787016
-4.090576856959465 0.42801651376715993 35.66189756376516
2.976550267346503 1.7946436623197264 50.022791347203594
1.4065625328407823 1.0490460737909983 6.0270442910699344
-0.5086392206083905 1.6566348203810806 40.70133624138286
2.264145332377198 -0.433611134841013 13.27924190445405
1.1824473890489364 1.095837942005655 5.408664184378729
-0.05382890959925367 0.05873434607176827 23.105833388456364
-2.619324265132628 2.498182077875888 41.438919904856085
5.415438994366058 1.0111858791887944 13.172559571841802
-3.3804071441759533 0.230652992811486 34.22125990664287
-0.2943140905471733 0.10200585385430119 3.689372616792967
-1.1931394580905463 -0.23885721654052197 1.9065196611446926
2.7910794938254537 0.5935769203793777 21.240195414448944
-0.6974301968606598 0.5511814931998379 2.3448370692179386
3.224030077412452 -0.7916054961157464 4.336562390834323
14.371557397996575 0.7678638097720183 10.484883000081192
-1.2639722517213565 0.8653121038112361 2.097493542037574
-4.4317658532816235 1.1832816570063105 38.14786943666376
1.5958512185222324 -0.04791941462648555 10.000932286519484
1.1231826211488267 3.007490800358971 51.6873593468547
-0.362113382005249 0.5162959987068725 2.85074653351856
20.83268248014855 -0.6666794561926581 9.9392499325195
-0.9690733496091667 0.6237836855338088 1.3428564477781975
-3.2222296374447295 0.5289721729571142 32.392810234328365
-0.12101427117571018 1.7303419493992924 57.88845135356414
1.483084719354074 0.9292779297419498 5.384303480151462
1.124111683688527 1.2743726371148334 3.6037174188938406
2.4986548704607072 0.9144570628692088 49.07949690443903
1.4640201161537592 1.117071393311205 4.5317903670150494
0.8742491770369277 0.4372187555877738 19.499873096850862
1.3476881299841206 1.0379398542548515 3.3489692218146447
-0.1632832480672335 2.9773982259784177 48.426479529764265
-3.3988901423039213 1.2806170437281774 42.79281925121955
23.271074388142164 1.4340958272967357 10.608893852021207
4.7970833257238965 -0.3982754150680608 8.809488987570752
2.837555864979865 1.804610900377147 54.904450029673264
2.487116476534724 1.7265008317366588 3.921790087134377
4.038824890881946 -0.42973802888354423 10.325203735569923
-2.2844533478752327 0.21118655788289056 35.73846245851758
1.5725492746612821 0.5974931951293787 25.014494038893158
0.48619563812843697 0.7553721026013269 3.761485754134916
22.922638475803502 1.9798369218780907 10.300745456785002
2.8640684569208963 -0.050446328126025786 19.526867232800058
-1.068155498914172 1.1357360371399357 35.350136489318196
0.5573521715691527 1.0955765985666646 3.01497163123143
2.4804294720222786 1.4603219209586646 54.019515386600204
3.3945653311271924 3.141249583247441 53.84379727208483
16.057862347403304 0.3931125132181135 11.323252525525026
-0.022094036750740176 0.9232621515499718 1.08038689130941
8.653503219957033 1.1003500940654551 9.682378315350377
-1.976571641295252 0.33223240151264083 25.2392983953406
1.3741020684524696 1.2131971063458562 2.5342831381891537
-0.8954800153328595 1.492861633048534 36.19433092510121
1.5870076949839218 1.074435830998474 1.964883339534015
5.288103197211927 0.7141379509672492 12.377984880904647
-0.7537798660062263 1.6305076211052294 39.31833988355467
0.716971910965846 1.4884702716577642 1.1530882441192158
-0.36945047318406044 2.0322193687366505 52.80264403391937
4.7798954606221065 0.9100029047175234 6.136341568508516
3.090049249964992 1.9394733409199754 13.224218592627743
3.9344774068182637 1.2632845410660003 13.24328670680777
3.817032565198442 1.4838576314582168 14.28029144169362
3.903351242153146 1.570872727577204 12.126045979583491
3.8942468336862786 1.3647416779635861 10.378005404671311
4.3651776996586324 1.5189381351030555 11.289730616391303
-3.0385744361282834 0.1222242104917016 36.523509870260426
4.8440004429304935 1.6370749193372622 14.153123778691374
1.9206121447042546 0.6516015683501163 24.3570670184605
4.452387948596507 1.3077524292093103 11.653568924408638
25.53661397654527 1.3893624860785978 10.727399240820446
-4.247389432066499 1.8432452638556613 33.359662358784284
3.7991753272496096 1.7760585172628705 10.62748067363436
2.9563143233527684 2.570045526213674 58.25538526575752
0.5683804962400958 0.6410843560521511 26.905557932913396
3.9903403477697865 1.5161242674594981 9.373183599785849
0.7001368596009383 3.63939092562604 54.65971246624877
1.8377554230315156 -0.7705541083497508 -0.518413281054281
0.7885725756073643 0.23761177517549267 25.80569605733937
4.031301165692594 1.525734655102286 8.694060257281144
4.211904056790817 1.4609786445757278 7.555341311177656
1.6705692387468583 -0.06710905386871639 20.564508630439587
-2.358104652758191 0.4763184376498064 40.12883449678667
3.5550186666643846 1.2426848062658629 6.5768170755504505
4.668890563748967 0.9428065852525097 7.871046399377025
0.6367657495748882 -0.017647737826006177 4.826514666967948
4.610924092929377 1.0567316597281802 6.8640649471313555
10.380243081322268 0.5474995268623019 9.103456146823556
4.897911061008119 0.3389676395113448 14.187995981670417
5.047463266062981 0.9057730280725335 8.539708369752637
5.025828864956322 0.41426373493023305 7.737949210318775
4.197740621694344 1.2856602356920426 6.043500492481904
3.439851432731374 1.7336221678446806 5.667760079805078
3.471751272379038 1.7357699578921566 5.202436958040836
4.319863624686952 1.297582838581349 4.989707526756881
-1.1081453231760698 0.6362724259112249 35.787393742569314
-3.0913061494937994 0.14959531658377795 30.335928959693124
24.147567612951423 -0.35034258220617315 9.366495289542202
1.5878141819061617 -0.7494464235618944 1.1418822160478972
9.683255422863265 1.2583483803175668 10.486368877202901
3.898731456048875 1.1859787810801008 4.473946623839008
3.2745184638171634 1.2562943954353507 3.6605929063366585
1.198767943694873 -0.268675584863108 5.07649693173886
-1.2629486771398248 0.1149544480145437 28.37656107688954
3.147571549540048 1.3757496606806752 2.3816789378098373
3.3171182337514966 0.8106442804750509 3.0140717982851717
2.1523979831092994 1.4908024302450642 2.9641496750892404
2.636706717406498 1.3104258952060526 53.78399518206377
2.2284485430572256 -0.7562625222185807 3.0565540994229203
1.5977617401077744 1.3184744052136348 1.116515486467244
0.5844626582573769 1.0745529453366995 0.2327423093955943
-1.3549874723853206 2.599316304025363 42.506193855930285
5.08380310580949 0.41296530758501915 14.95612891102529
3.1510506925087105 0.7923127867738751 2.1899458027197043
1.3360833062392914 2.56615168392645 59.88183436616385
0.2829917652139794 2.043744084780305 43.18665469959044
1.9153034658759043 0.11890533203530673 21.943604566921742
2.4214291312570766 0.8444471313601687 0.9640715692694828
1.0764497593684883 0.03418434365790417 21.057367762807946
3.4884185813530495 0.6327660683179404 17.0193570787025
2.7455776375642276 -0.7185620130886424 1.6854565280204372
1.516297408643568 0.44937090683902614 0.7743378217269533
-1.3857030035419107 2.760326708550967 46.5687748375329
2.718604288215103 0.20789525778974727 17.805415428062183
3.7540310721997825 1.0778737831788912 4.0397501238968685
2.2428800894070493 3.7092490357351986 53.098713837995355
3.165747157562994 -0.5728885834777191 7.998795303281274
4.523748849343851 0.9343073196624275 4.578768715448168
-2.4253041090452543 0.6909807781215116 39.418108917223
3.0902226835942344 0.768687370621965 2.1305580333160417
2.6005113144307836 -0.20504269309716566 16.875839624943897
3.0927799184993563 0.41368470045812955 0.9769040234613335
-4.725061209046382 1.4966118887178927 36.507724437168
1.845230284535887 0.19151789262343705 0.006267101825126686
-1.3979907495288524 2.2413736644445694 32.08691105133456
-3.2674814039816105 1.4938120961457935 43.38522440921978
-2.1604411561084773 0.6262661048497045 27.393336679880605
3.69806410750616 0.24178499120562585 2.1366578855607714
0.2556258370786664 0.5725450362577515 28.33309212427276
27.206182770918915 0.5436292094913406 9.073718051958375
1.5605744945096398 0.8113235870770114 26.912146847461756
-0.7445602459568308 0.8902937369224619 43.83944557666364
0.7365552328356019 0.4348587727947958 27.652382371148676
21.041835228783082 1.125297456771122 9.51792150340178
2.6321534329945457 0.3860067194608184 20.472031886491553
0.0740915623323965 0.23102376822883805 25.12426269881947
-2.1295587801167755 2.499902834281836 43.60362158662997
0.487720821719909 0.9881563944785842 29.173598263505927
3.5698429439759116 -0.4349643165131485 6.255598440368573
1.7324266867704174 0.29174859077494547 24.58641134332752
2.1875839736463973 -0.26623287791364836 -0.26640877833914084
-4.66441889543943 1.5190068336707425 39.56357889431324
2.268151538037035 0.37751549135288415 23.332942991254516
2.3463077814758706 -0.3038165603621892 12.640913669646784
1.775150227621813 0.100816626692487 23.843494268161653
-4.611223925363341 1.424225807964758 34.824066467488485
3.2867269528143055 -0.21858490986561563 3.992536604044325
2.9067586336385345 0.5014581569191497 21.859025387110513
2.6705443343654593 0.4354209601914692 22.544006268911218
2.8621567537058055 0.535268665519942 20.333897661331452
1.5905648489102822 -0.10812368827311637 12.304571031213834
-3.671654319773155 0.6031637191770387 33.403414695168955
-0.6401107348907468 -0.32026468742221204 25.96936980479664
0.4410494056889105 1.6899690981600675 58.81872919554878
4.777159460245069 0.5100898157393247 16.26321131489716
2.418259531763075 0.47016474901829397 22.001449869257538
-0.551415441489781 2.713992940365631 51.01851769899957
-0.6117474623570796 -0.3972183994471608 1.6351926173193487
3.0650864121701242 0.3847366960009138 17.60938342609807
0.6596446303327148 -0.7289371461005438 3.5299376791869497
5.399549632550257 0.17448655457456436 10.696604203666647
2.715726085338825 -0.770330172392252 3.2819843878235138
4.534166300487464 0.21570244916755593 16.085203783379583
0.9463687482279034 0.4200003634357683 22.75746158884254
-2.0165775690209387 2.8584793777715225 46.442101282102975
-0.9814310592776189 2.996479712233589 44.311313342467166
-0.5594450410334624 1.8340638595175047 58.95041568600994
4.429958502444512 0.08015625119372143 14.979263776371393
-0.5722090648834973 1.6605046976337372 30.565040469798383
-0.9511475832290909 0.3953168979232855 30.598341553521532
-2.3828791146927055 2.889333319693362 41.272466955383635
-0.7751970997887486 1.3703277589153005 31.580179627838625
2.864946240948991 2.1679817152807446 50.17415999606659
-0.20860725064259722 -0.22921096892015647 29.683386848514928
0.10549063688619809 0.04796677086904866 26.257528633539764
0.7089151097746436 -0.7238477468025852 1.956911646536551
-0.3010350911362819 3.079984866844577 54.71208913026679
1.4089797702222604 3.8735795046855044 55.07710041185862
-0.2495808093968583 0.2927254756499309 27.511629242439145
1.1599071408940589 0.1431092888255011 24.861401950212706
-0.7735014570073697 2.2258634320669515 50.06823862929623
3.6923635890598776 0.003754044994337069 12.548654335349298
1.9899253431834758 2.7377107160274248 59.91682573299422
0.6803634958864414 -0.09892429661590943 24.51748938617609
0.009752030539992254 2.9806202758197338 52.92420305306493
1.266582175181501 0.025159467243127204 24.175107616778217
2.1653124558437304 1.6774863687648225 51.62331393237664
-1.6411113434816864 0.15906890713328298 29.23534470206455
0.9921198879630022 -0.24686001167581006 23.780955231053174
1.5526258542532931 0.16994983503619596 13.236351357009424
2.253954256444534 3.275908785579839 58.813342112757084
1.3404691232528387 0.025666287700440195 21.881678541947245
3.7906289159936644 0.23892025484181684 16.040735495152393
1.7399192046625478 3.1927429811990504 50.22215289930239
4.004592284737907 -0.21012159626069982 15.91756687739513
4.211769424457893 -0.3350768028378436 14.74003438914223
-2.293518799854189 1.0655860221015694 45.51650284136018
2.774445633670491 -0.32280311783236915 16.51775666728102
1.7490125335109465 -0.04717688781421523 21.139281929065422
-0.9628633027437328 -0.6868727772825036 0.7779217919966037
2.299851989644527 0.21442837936356496 19.983350070336108
19.134050226910052 1.4072608170222638 9.316645977006802
2.428961393318678 0.49249177203302585 18.827761248721863
-4.580912026644259 1.9363034855828583 37.52889294744507
2.7898256501923884 -0.030850766845651606 16.716408382082044
-0.6326413616358251 -0.21714029629440287 23.88993734189818
2.6455371398828103 3.4768598362431478 55.5622751532445
3.2191722414740216 -0.012399506508013552 14.89021188256849
3.5507709042310833 2.1399876153290864 54.71094071326074
3.7990562270919304 -0.5318795561698016 3.683334414445866
17.440201393355633 0.04012551083379656 8.914138635563479
-0.7103973953840355 1.2345879915342115 39.169562429410654
2.408700216775927 0.41059635792033977 16.402567326255078
4.442209696134464 0.27149147481211694 14.186222749927907
-2.8141535287709414 1.73059583218155 44.96041682476621
0.9370071771818724 3.1014655744311517 48.61821009637804
2.8867562269814036 3.5155727078327343 56.029399533348695
4.817026888928294 -0.17632462539804677 12.258791264055745
-1.7841898335595336 0.3673206858414595 36.173594865364066
0.6451561819825876 3.187108279841572 49.186821162318424
5.265604687433564 -0.05572645788377679 9.254994476986933
0.1756443280418763 3.9733168840999644 59.74033847786398
0.5425080808231356 -0.021602065886110786 21.817883882020745
4.46622473055482 0.1382074140984468 7.043413916764593
5.651591935384839 0.49354838731260625 8.796104425303223
4.5475627387683835 -0.018746001551897234 7.5214645373967315
-2.512799948796112 2.4311387363284616 33.49848370771301
5.480152513125376 0.693924475603017 6.300840146454315
-0.694881464104474 0.9285226792084253 33.268822967886756
4.814848366217459 -0.00336355833033241 5.508741195627255
-1.6323422316492822 2.0090614541793688 34.94035377718126
-4.935442175246003 0.6308368440589123 33.96991008298219
2.8340269035585273 -0.25538665137887956 1.591911533196347
3.124325217527201 -0.04084313165633947 0.7249392596277984
0.8406512280949565 2.952128654472652 46.534241761001574
-4.305788887659656 1.5399152713089748 32.20108617871411
3.5876602546589864 -0.08627457921657655 2.6164940557780976
16.762892097085317 1.408738334859186 10.02955345048303
0.727828542660075 -0.18132334676790407 20.410413243127028
-1.5622684854436373 -0.05637842263803684 29.945821341179364
-0.043328036182483126 2.9749335001775656 49.469930125386966
3.1043538651755602 -0.38984015294774044 1.79949252783366
-2.3106443894322353 1.5802977719851012 46.66326855558052
13.504481838959672 -0.822433560653643 9.989727868049407
1.554599720651834 -0.7468806062154273 -0.1576136023911059
1.2768045840966213 -0.8215257886725328 -0.5508258125094796
0.8726188333655603 1.5042955783092387 53.80750458886138
-1.695747873871515 2.947142390597854 58.75144980775714
-0.9181871002149272 0.6882558216488913 41.97419004701553
25.838038899151783 0.1213560062158375 10.718674307594554
5.1417011167996565 0.19731310147249476 12.523146502627041
16.62479834910847 1.5834339290602466 10.648158070898413
-0.526705001521511 0.7250248683102971 32.18734372569371
3.8847843971385836 -0.11184887071242788 14.127446490628877
3.6841564947747405 -0.037802858091225106 13.817385748491972
4.1388182915118295 -0.34319488264524056 11.834458511334452
2.935731074021989 -0.325678769325066 13.167531412508334
3.2268169908791853 -0.36138407799129907 12.280840263487637
0.6796677961294735 1.9140363259670858 55.83850284889166
0.8263132822339905 3.846091422596175 60.50217389250328
-2.433840600455174 0.315052825626565 26.990474605596102
2.835304382884568 -0.6681692781851245 9.087681994999052
-1.6058485115901282 1.4550591256297618 47.09603664672634
23.409641823112207 1.500992865298383 9.511752252178972
4.017836941355343 -0.3678908813130043 5.638163260356073
1.8442268938171953 -0.430917166826266 1.2764443275204351
1.2413878371282496 -0.845719716984835 0.48263834883055834
2.45581828267818 -0.8038647315629677 3.4004566497282545
3.1629156648093453 -0.8438167530171342 6.319054272842715
23.94336377294655 0.828219370797093 8.975192680187286
0.9120622145425626 -1.0036049807558953 1.066129960019301
2.8253164566600315 1.4526928259069494 49.915591387438425
22.68158021261408 1.0305894929900186 9.50106958194372
-1.87301136188007 0.0058504012499481575 27.560694207025886
-1.7069306836075675 0.2686634514790883 28.289545870259555
-1.6005916787982006 -0.43800164556655274 26.993490999962013
-1.5716372754181749 -0.12882571150094496 26.236221775519272
-0.883137567819018 0.03403161637591525 25.655279130010815
1.854776708133462 0.070124406902623 8.166984494543739
27.87490199424156 -0.2442622352867722 10.93389593149156
0.033827962653577584 -0.046985712605390306 23.575123604582718
-2.770542619040322 2.9095598837446435 42.54005969466271
-3.3838573851466225 0.6119734352384137 29.523191354354235
-0.9686554801347046 0.16296086225043377 24.235891178045932
0.5625601693787774 1.772623954751518 57.36780068048451
-1.4034854890479258 0.2538920506783819 25.242630556601306
0.02015615553215383 -0.08656258404390335 21.96607809610397
-0.7901393201197432 0.12378644925058863 23.306484800121357
1.3962739336167598 0.16435633138251265 19.624475950623665
1.7580974264786322 3.1486163925131243 52.373554752816005
2.432538772282374 2.4412953674866 58.18252882338497
-4.016550397516653 0.43688057632125227 33.49362686730301
2.6603702241442244 3.606293119806643 54.62572664150024
0.04019447113778035 0.4324059652532268 28.053124885337972
1.523788722733868 -0.06258190798713606 18.97616364012755
2.3141446770371528 -0.1463030277933794 13.985765030772221
1.3428872692510794 0.3039399746577959 18.510994614214173
2.2362123295965652 -0.2662644127658835 15.420448737795681
-0.08534536247735977 0.19139278012887395 20.619891612512106
13.219637999357827 0.013038068243703071 9.015044900478443
1.5337335714535905 0.0012321833174388092 16.4717373617539
-0.9976813849740261 2.143447199160959 31.066153912914448
1.0718881970421026 0.7171546999757162 16.591401289997716
1.8744765137581805 0.3277623742837405 15.631369139420045
-3.6713434590972915 0.32689814703745035 35.830688878490456
1.8628837196774213 -0.04072852766359501 15.277151222181933
-2.9540158500674227 0.16094410218988295 30.286651904519157
-3.137551834481249 0.28739539852524154 28.74890068315418
-2.7548561981622983 0.6206827025122643 26.383083916446054
2.0842024187799315 -0.7161894105786348 5.420030548870714
-2.200626353364606 0.1894840410607181 25.872326824096167
-1.6682015791404408 0.4499849652808487 22.935630054369994
-0.9988415900397143 0.5917274383825191 21.243420909626895
2.042124032217221 -0.032867067247816545 22.780606822026026
1.3121308841485113 0.6235914460830994 14.778257127058792
-2.6723803463413387 0.368939619686424 32.74517031278001
0.3452004485618269 0.7285275753217408 19.093385179068388
19.03702914648516 0.4513868290442826 9.17094620997454
3.2567658283004866 -0.3668743482475077 11.487201008329292
3.0239371731824463 -0.2262482900707228 10.62755309453745
0.6743804490472498 1.4441174646492847 52.705902860281356
1.388712224741037 2.9469478870370724 46.813249985115725
3.471875316580981 -0.22946552163970715 9.805110144775
2.954348703501143 -0.5509346597860861 8.689599034857553
-1.277039104893993 2.894725584143681 58.286204474302714
2.289288225780692 -0.20233838129399193 11.509896304425077
-3.9281977275519906 1.9430173844239111 37.09337816249059
2.5845603506823913 -0.3602625928961162 10.108207208343966
2.3469307557570893 -0.34119686891292356 9.625728947350055
2.702578764782028 -0.14915874204097287 8.568571821607696
-0.24511857964122996 0.7900712426420147 46.09099371398479
3.2053014461845453 -0.6775474786783012 7.0070992295025825
2.0064858299894954 -1.0005008407313567 4.49534774741075
-0.9138209660044496 3.0328997084525326 46.90224450526109
1.3622872109968311 -0.8535740122410282 3.132013676092451
0.7483247828434588 -1.074168659606288 2.437996816364079
-0.27844499292202674 -1.0988912969469793 1.6223184138080378
-0.2501195130677707 1.1354927418263308 44.639661774394504
-2.814731019405202 2.5398259566752737 34.007076073573906
20.757499212837438 0.6504819448416176 8.878457116941798
2.5048161086617853 -0.9123355062311272 5.420051222956736
1.4454310620707846 -0.6517626735952365 4.39917163238318
1.1060686113938605 -0.4368389554731642 6.168173180472013
9.655039490738858 0.6553331664779973 9.157970793593536
2.420260094275338 2.1202588877494364 55.60836360345032
1.4094934302487525 -0.24119819109071303 6.745832911537305
0.6745851640850511 -0.3656162043152271 3.2040555520580973
-0.09869338902635294 -0.40493018524245666 2.5763497032130394
-1.3703521152115685 0.30075807365951124 30.833783204745412
-2.8219009731227978 1.8912166656589116 30.17370936313736
1.831860720813113 -0.2805569894136398 11.925340801475027
-2.442766294773808 1.572319339103384 45.74512651913529
1.8905212775428972 -0.2114340048021434 7.7392561168937615
1.3536018601502922 2.8037949685541195 60.149712344787424
0.3689479307075012 3.042082442911272 51.469153286574844
13.366221270666161 -0.24099997783036525 11.20397133493045
15.946169422902866 1.0887930865929178 9.45963601268515
2.0913235606932536 3.138174129307593 59.49243221624203
2.485356829054992 2.511155557823281 59.80293420540784
2.964821489951949 2.7905066968287153 57.36777607520038
1.44996004926332 1.3046618442273878 47.67211558175887
-3.9932401400585817 0.7758169060830906 37.831978876648655
2.80033428695649 2.5156255604595064 57.14547577133225
2.3863600802218783 2.7332635227559807 58.59908113185703
1.871065593519257 2.919163869913582 49.01545211112377
2.2985617248448467 2.4234089674186445 58.8599830447508
0.8013593288438671 2.3209874138162565 60.725555662818266
0.7492668594933783 2.573767735783595 60.982951104352814
1.8566505074591078 2.1578894334149163 58.92165865703223
-0.9738465688067792 2.041919148299378 39.79860698310547
-4.052961246120017 2.214645072404715 38.12817039191356
2.3632185524330027 1.5757076206966234 56.98153558039002
3.3922990404713618 2.156991059606114 56.73615230475862
3.117564414190399 2.213628569581253 55.41980119181432
2.3848575337669438 3.3004063654191254 57.463027502946765
3.325728969463966 2.3611541494502712 54.55681503822797
15.283110232831028 -0.38929484767918693 9.919108233984517
3.531288424518185 1.9534358368513856 53.94642885822161
-2.13303737529249 0.14400452290299376 30.12338659477834
0.05394760278362863 1.6511254928272052 50.08092379582266
-1.3374861955757351 0.7271613758844928 46.087378117555
3.5071449137398396 1.7941907986571595 54.174345219209044
1.747351713867939 3.441139270721253 58.9343970870362
3.225287562779178 2.0437902483744974 52.4908423206207
3.252075311452867 2.0075204276281693 53.31320231647856
1.2270771406050422 2.832605369973956 48.401684531269595
0.5248347330699822 2.331528619687014 59.83073781599927
0.5243254886512999 3.6129435887248667 58.345351121478146
-0.9140836860950889 3.6097995111403214 58.096893877066066
-0.08859362235601968 2.511923636973335 59.96222706972694
1.4306470875141188 1.6926599634075283 58.07484266083774
0.0031223802531654826 1.8548848522092436 59.850562869065335
-0.6359196087031191 0.7036171694735779 33.91112325987125
-0.11911652054659583 1.7686584217192651 58.73310925890042
1.7410606029988405 1.7566986053902691 57.24262755238136
3.376919568702021 1.4726363740068957 52.14948212677757
21.87707553029493 0.6142075158183835 9.28943773270853
0.6280707047205841 1.6317023309060406 58.291155373494504
1.6107432819748275 1.7289060640358225 56.298532617310784
2.852569453082921 1.7053082028010322 56.0943883611724
2.6371122817489083 2.0605923325905264 55.652003399188054
1.2364365169450426 1.4503625906858673 55.62647122362793
1.3957861047351203 3.816601168034044 60.26595438753237
-1.6696712037766168 2.53774926124509 47.73437146183077
2.6309931026058524 1.7324249763567567 55.04801056581166
1.2982142647938577 1.8073149548426504 54.63218180559195
-0.9127547829257802 0.7415244664429066 44.893938033689025
-3.358571728090519 0.7696303004805456 39.80686761012142
1.691809049938265 1.4610270195598856 53.9101842744862
1.7429770699186546 1.6141480649594497 53.59046778792734
1.7880280859425235 3.5792690557402773 56.38034746055295
3.2154261584467423 2.07065311298393 51.396084069388294
-4.870625324032928 1.3277185773216784 37.3142886146341
2.72765371489021 2.254476406558088 50.96091921394024
-0.7302080761339251 2.693623015238835 59.653096013766366
3.214855467465699 2.3637294238616215 49.40531142726276
2.2524211591348076 2.0392949371233025 48.37296948612213
21.670628205620453 0.5976351828378182 10.802534091711168
-3.5606518863155623 2.4930068224339816 38.50585667420342
2.6888148440946713 1.6621873424100726 51.1808546246071
-0.4503492795898377 1.575812605124265 31.259237239190497
2.8692741570063927 1.5126834222599326 51.52252809077667
-1.5795385971070972 0.487100627169458 37.40735600122068
-2.134220802958933 2.514547314443078 45.23509788565594
2.137192189115593 1.3858358873700285 48.29418365435198
2.626632399695213 1.4403217465135763 51.02073887080662
2.4954960323680324 2.3319714351511793 47.802427794387086
2.316568429817245 1.8392817203904945 47.06749727683106
-0.13441637718361332 1.5887850005174735 40.35289956332508
0.2921480590322928 2.961930505420542 53.12871601238126
2.169414897357466 1.5542310630340936 47.83811523467524
-2.889903842476472 2.13092511231883 35.64154232721686
-4.155339335372511 1.3519617652660922 42.117568090391664
-3.370882810367479 2.341574372434789 34.79271530469857
1.5838092727861235 1.6361654530805034 46.63875365946773
1.6925164180537047 2.5634553486906735 46.303752221010285
-1.007970892305941 3.552852442205197 58.592728047844126
1.648764869976721 1.893786770482747 46.044776066168005
2.5239765017192903 2.593459843743033 50.146838834950216
1.3547264576907703 1.7087043223979868 45.57565005417156
0.9501268597357412 1.2109366611315548 44.9149599093972
0.7623467189004164 0.8271671312723188 45.94705965842684
2.827226882614209 1.3548505425453623 52.392543129548415
21.8456351464952 -0.42015130755642727 9.837862940434388
2.0290581931630225 1.1560643701486784 49.094541202326994
-0.4120332651358296 2.032697275612573 60.093619742287046
1.2562144029780298 1.394758466562173 50.00398800511746
-0.25772706463153244 1.3454795436332407 51.01890327030592
1.730699911367002 1.0495282769080008 52.72120155828002
17.610267646090897 -0.17369619412895904 9.947283990972554
2.378045418438039 3.656836993283658 52.66396072753558
0.34120478305677754 1.9986851435905675 52.39077436889585
1.3732887848532938 1.2503122394801007 51.64404937235546
-2.4341936541282507 2.269926113157207 43.76830495375479
2.4341065773053923 3.1152706568672355 51.06261708394662
1.3648270441779904 1.3976398236834746 50.54503086658652
-3.0508275007434875 0.5127769998506875 38.82615116854069
0.301491095486339 1.122130601120294 47.68032009022593
1.5559014019891486 3.3059628433063284 51.873201002992985
0.43566008449739474 1.0896433206104095 47.276697677015015
1.7115870254417225 2.9977879186700687 60.64554967299204
-0.3068094235134098 1.025261566207183 45.1154528254668
0.7646165101563569 1.1415998068269406 48.05540907558686
0.5635811918629064 1.10606506469396 48.936348982608685
-0.9552474168937334 1.9608739551079557 50.91560160294466
0.3542711324833867 1.1884750115494003 48.11170763358679
0.09208348004251418 1.405768363208332 46.63889294527982
3.1909364089770658 3.3915102249411295 54.737477254455854
15.853239422086679 1.0684837231136772 10.365510375503762
0.0645544605466444 1.2855280303244259 46.849730287333266
-0.013774427071913287 1.1619738472095196 43.87208012232284
-0.6870810455089862 0.5669207413042641 45.7796013541207
0.8780515067289866 1.7671982126628274 43.45021371336819
8.646346752059115 -0.012348535750195757 11.18060389908695
24.14012211082817 1.4331918204880958 10.009783048888245
1.2032568898192533 1.847725820001626 56.55162673976998
18.275812008802024 1.7691136895434842 9.684309083741766
0.33295843445187373 1.9842596117023399 57.19756243158427
-0.7283627096453873 1.9764580911877647 57.80915340297454
1.6199755819729664 3.4868427448967347 57.566728645669606
-4.68677891903371 1.0838995575418613 34.112407290033396
11.956980471862847 1.5510825119041294 11.016386350627165
-0.12133777745697166 2.320493862917265 56.65100981672407
-0.8359421693693334 3.084707906902215 45.96693474718959
-0.9430248080712562 2.010101173260288 57.482569706241485
1.1651041564205737 1.8753657936478716 55.48403191969035
2.9373739934374017 2.8789210551307436 51.167651340429344
3.1464270455485157 3.281992817596114 52.19873783097124
0.8305647046620968 1.6109353208150492 54.97376430564116
0.9401472447923995 1.5686922144480577 53.107421680114875
-0.5353411668539333 3.0212881644502345 56.2777611053044
-0.07477023755105221 2.259716057362558 55.42046996092859
18.15560034639191 -0.5289157648760835 9.932564715185139
0.23608824101921244 1.7849046114461717 53.621789873717915
-0.9698938723729186 0.8330881117549127 39.11999435882013
-0.41402522799500824 2.0567490891159808 54.3531195641829
1.817941481808707 3.6046848449581304 54.076166260690705
-0.4948686893969973 1.9614733321418463 53.27726585912651
11.278241026787043 1.3528982311816342 10.33733754659567
22.942724786384776 0.7315419254264028 9.091296807568728
0.169744905557445 1.481819938344912 52.86057781156513
-1.2751727291167843 2.210542789192133 58.09636646132678
0.04813266567498592 3.546898718217673 56.70526629276977
-0.48644598705617337 2.6705926001359455 56.582164624669836
-1.7546311481908312 2.932349448902489 58.65933460649503
7.272356736601002 0.934747155885485 10.780282951879128
-1.0058529616535652 2.764037491624756 56.87246134007637
0.17932664851904334 3.1376815033440586 60.76584997640635
-0.5025898921180557 2.4714962163562206 55.64502221691514
-0.030660565315224736 3.267967993163449 54.38502314072925
-2.1098746913244 2.4120051636345337 46.86619752861404
1.5106736802066467 3.35542680836869 52.58595387574608
0.9115263267523515 1.205049503357638 51.887611682516855
-0.206477709661939 1.2147747097062898 49.050795482704636
-1.689820566938786 0.9993427468299974 45.9596978323387
-0.9164057952580427 3.5001450991622454 47.332239717147424
19.184216278207728 -0.26579595646470144 10.033390763910454
-0.710429945701693 0.8530394159313082 46.74245603418375
-2.854282521636394 2.0381029807238416 31.43818290751358
-0.7445544592248763 3.9060379907563414 59.6831022233203
-0.6743039671755706 1.4365317011725327 48.30790823049245
25.702667933424646 -0.24366349441855342 9.369687687675347
-1.5080273037031158 -0.11853951439461391 30.7769579134649
-0.8742876000539183 1.7433985388900197 49.776532549351124
22.450989113311774 1.626213466219884 10.389823598920808
-0.4334340553053369 1.7965853208267073 51.748415278965034
-0.6907524630714492 2.0068546948179895 51.7978409934177
-0.24211962100859616 1.784263239921172 50.71213691784742
28.0397655340532 0.5032103859110919 10.808815847390477
-0.21038316532547013 2.217421175739034 52.36556381437024
0.8502770880992944 3.210316067516795 50.481009525281756
-1.673800370066323 1.8142139660537022 47.92322578692771
0.3408965418977622 1.2783021408434123 42.81535502339526
-0.06619978275302665 1.4002448152197993 42.374228280844086
-0.17943985909814827 1.1463225345299017 41.21040254186959
-0.5767885803589021 1.1985390177944124 41.85738819254333
-1.0628201896802782 0.960512599820669 41.27998433080883
0.4718929028496121 2.8133720258400423 45.3279226570285
23.278466204064145 -0.6377015286206649 9.706471192664317
-0.9947044811807811 1.0283362774998568 39.76619613582506
-2.0120596595934055 0.7723614990109156 38.996109381197925
-3.908632991058055 2.023048117981566 35.076888996710025
-1.8214039004001483 0.5803198951698779 37.924021423570025
-0.6059495611310249 0.8974713675854272 44.13175862405933
-1.8097055974804586 0.39365403204326893 42.08899554674527
-2.7685943016801664 1.4052453750838267 44.653645408990315
26.46468189496149 -0.3053540619363898 10.07014617988677
2.534170560703558 3.448717645018629 56.208280401401296
-0.810787751141432 0.8935134894780479 40.50545710086887
-1.9241969417199603 0.2599446245132128 39.478330546046294
-1.5215229074681995 0.8183730846593665 40.25073056699007
-1.5847026496382137 0.6154180151100301 40.93123212973308
-2.387391153875303 0.43314841778824237 38.64109376299728
-2.459162455105268 0.38798901333273766 38.12467487585359
-0.531718398798986 1.7313637955573236 36.98851393732265
-0.8832083233185832 1.4761401963201295 34.6800269263614
-0.8389727919477752 0.5517073997144936 34.79589626553297
-2.6817932339921904 2.382396639497962 33.84543112623113
-1.1441615138675094 0.839777946509018 36.24757650169468
-0.16320114376247663 0.8847790758010032 32.88448187483105
-0.07784120650825904 3.4593880637636465 47.74610545349178
-2.6315214816664803 2.2357440287843353 30.974794447624934
-1.0360411417911346 0.5932962391271319 33.13977235577853
-2.679130662909013 2.1204692833703467 31.824600629170085
-0.6463712977357347 0.8029034306168891 32.898426185987624
-0.29438845558662824 0.5877750710581395 30.984858073312697
-3.345796804169025 2.1567169556649533 42.92636077132582
-1.7604564801485965 0.2485449333241585 35.56998604830491
26.44296833839955 0.12453663696307941 9.469500865440544
-2.4082830878469985 0.13360258221299437 36.44682295021903
-2.0735451508681937 0.5182641796973384 37.33069843044281
-2.419174501809597 -0.07039485260849815 34.849194632285766
-2.348761202336262 0.4944610807291255 34.10811278363825
-1.6365704908330547 0.06608335390057979 33.20596975259222
-1.8003480678637505 0.3047722084424664 33.977364128519184
-1.6510324284042124 0.21182262571187244 32.4372123075561
-0.6326118110535115 0.3490338221903909 31.06970852196397
0.8515700734030276 3.7390769898084972 58.828394966691555
-1.1734690321327277 -0.06717754174997542 31.754087327240647
-1.1614041573564793 0.11046506978609058 31.025701591255643
0.2677767349444059 -0.21750174887642956 4.069394267686332
-1.7582361155182222 0.3178399078250233 32.434050153911166
-2.2445357447476213 -0.13743172857299096 31.52864607664955
-2.3106805747836203 0.3775477909561349 31.048407382940027
-1.519562141717198 0.968858617078732 44.404167628041094
-1.646448187323726 0.6497822961665674 45.375913710666346
-1.6227684983853767 0.814270478302528 43.364309129943514
-2.5101118275145744 0.7329166280315966 41.802491460502125
-2.3383903361646863 0.36051678958271594 43.74651547483039
-1.625153551491265 2.16766404263145 34.296012216214734
-2.3137798409184085 0.5670324554307083 42.99604452668655
-4.868190920792276 0.7992984100906104 34.69749448085904
0.14219797971284945 3.2554148884451886 54.84589550244505
-2.0898949502780764 1.0253936419635337 45.20051824665913
-3.4593025494899123 1.033612896421767 41.92642086693263
-3.078158796224115 1.2299412203645357 42.7338565316291
-3.6209471919430705 0.3216970004657415 40.2442920181381
1.4339593143456124 3.274952372760213 53.220362985588814
-4.008148538470949 1.5060085296399197 42.70440192404918
-4.114907199307644 0.7831610265953521 41.461839527291644
-3.864001686263631 1.7705439620440697 40.944766947989535
-4.251665694936781 0.9445959117523852 39.65780066762291
-4.868176835010692 1.4984243531077823 40.12259997155748
-4.761478419843265 1.39609878718939 37.61765560967183
-4.445854101989429 1.6041438189574029 39.7927106654911
19.916616435963736 0.0963585608024153 11.033242258296461
18.33647758537734 0.6423361248104883 8.675177221823692
-4.492255709859508 1.056974441522401 38.71907745945431
16.611676482249205 0.44455956306589406 8.659007344363983
-3.811246452881198 0.5494872937483084 30.13464716995314
15.734689607806457 -0.08197433688738254 9.18107072862291
16.688604348519544 0.20791128583468754 9.130730307247871
-3.4090875866737598 0.3551078054279304 37.09207447523831
23.95729414205566 0.9993271649709086 10.773493318584157
-2.8778407001336452 0.38762794857261246 34.67564281283568
-4.0256381293028625 0.9316478862930699 36.833171347032206
-2.789378486302321 -0.2648444593622844 32.44353623764825
-3.3384322661707175 0.42103334724173114 31.607188918255204
-3.1481886899089004 0.22622202874924358 31.243886821874074
-2.7985029650621316 0.27360065495894004 30.911986539806428
-4.652046995397616 1.119994754804551 36.59989739801795
-4.586045143267072 0.8697562214338236 35.85694490746165
1.6938328187371192 3.921491312715683 58.264586023151544
-4.040204485435756 0.7748405198755968 31.88879835963774
-4.407440789412501 0.8156644803600793 33.13957223196063
-4.928915623555111 1.4113415709785708 32.96677414693024
-4.1550329209442936 1.4115126716338215 31.63549395637071
-3.4210666756128023 1.6641111555098023 30.20356064883889
-1.5870895560377982 3.017153769024663 57.421961922290976
-0.3501366051570526 2.9974768758238928 55.50826694865714
-1.7433436738000543 3.5675063007571093 58.89352755735516
-0.8969629577243144 3.393251189232263 57.36178161364423
0.18735700875959488 3.8119109408997485 57.04436119074569
1.544731032372278 2.754791168059182 47.07063549727021
-0.08180132548578516 3.2018929434219845 55.71720155802686
-4.49454036634743 2.117664205731977 36.99046812367266
-2.273534610838742 2.722062162177048 38.65120630285034
-0.3846273789592125 3.0951416874302646 55.32259739278488
13.159385797739683 1.5965004869424588 10.467850221907002
0.015920945523731758 2.928533271262286 52.279065055594636
-0.9502533912067026 2.4180990120882857 49.912830467971084
-0.9573225768966543 2.8796478628921687 48.89546984974647
-0.09402065363604364 3.402236955394702 58.26099666743935
25.85587425857743 1.153511521150491 11.264495642827034
-1.5518095877544462 2.8216277521023736 48.41038740749229
-1.0486126640281566 2.9281174193042454 48.36228464272164
-1.6310625398372884 3.1415976581478473 47.47771400353551
25.145696390165973 0.6225769089880292 10.833766912205116
-1.949742196885298 2.254839721159731 47.329684987107775
0.701184396232375 3.663332676567165 55.75079880669478
6.145773130465752 0.4693942679780429 9.076446237071439
1.2082664271868155 3.557445816485641 57.48588858312764
-0.16195159728750613 4.052873513199304 58.85662759142055
0.2832281552652953 3.3758835282100867 49.919072025838936
0.7491423621596867 3.5742452167366294 52.15272530653295
18.31291716502694 0.46505746097033185 10.811902298982865
21.43817654297004 1.3847429549329577 9.819826310440968
-1.5756508358121202 2.7196376828684685 45.225409771118365
-0.3184962305857343 2.1130841109075202 30.047391974963386
-4.2654925159739605 1.3439381254868144 36.36752405685616
1.166801155021265 3.485242051045978 52.748952396988294
13.545497228667212 0.9624631357350091 9.057952347350016
-0.08047732484288596 3.242840046297038 47.13730019511538
-0.6392623102726702 2.990865738595817 45.23843858371996
-3.2896568873110326 1.8857759715550149 44.79952040449265
-4.098466754324655 2.0934236033979827 39.513879084348105
-3.147560853065055 2.256510308867401 43.74325052904009
-4.063044931320718 2.2443438821508215 38.52175235254849
-2.5715734371740413 2.7104773255525263 45.62894233284288
9.61839446403614 -0.04094819619491993 10.947386095030211
-3.040607853806495 1.8493392267613615 44.94257844731253
4.7357258803235105 -0.2034563233844674 15.157914975668803
-3.656676066920008 2.052548983892935 41.33414442144115
-2.5699962326438186 2.6286351092822935 44.11575239719111
-3.2090887944879913 2.182839109786876 42.04784599291243
2.2609806920423012 2.84470395525416 50.18031267692221
-3.3704267173991678 2.3989371283410166 42.5452221202415
-4.7358193846853895 1.800470619188926 38.75804590069246
-4.1524506588213255 2.2368808250926144 40.44207148827134
-4.657470390792252 0.7612957607172144 32.99337536045968
-4.023142260184433 1.263059964093788 31.031580361477904
-4.0987916893151874 2.0928391088390796 36.13993622494932
-3.860618091761393 1.9293569820462042 34.35614630474333
-1.083132341518334 2.371170123035298 41.20901816721641
-3.6821062311184587 1.786446862728758 33.503905085617845
-3.2240578407927223 2.2233627877378246 38.03488893666001
-1.859142214751844 2.205084089191067 44.73750130370712
-3.2509246766503166 2.327360490489031 40.91691357406464
-1.5141481766180043 2.9253428043597856 43.69676580707255
-2.9974541553893737 2.0427886723631254 32.793476812715156
-2.3991307093649454 2.7829410163385244 42.90519633937068
-1.9693721839403802 2.645962094486173 42.3012978226602
-2.4622668410761417 2.5978590797291097 39.457971471620446
-1.2388587172340437 2.892712838543121 42.743584019626326
-1.2323784340983606 1.7485042569013571 32.980890495361976
-3.900664247280579 1.7915382051535393 31.964961089557423
-3.9140574382287854 2.1975483232823443 32.405418624264904
-3.527183910754116 2.0883590558137137 37.02666191088242
-3.415725052489885 2.1131594231563464 33.35119716374162
-2.4278372558896555 2.1363992187539713 32.29164205785345
16.699496836078172 1.2415667965560357 9.266943729440772
2.4949193292168057 3.744944078532688 56.00927640166178
2.5806736671792705 3.2387379147744353 52.37734283097459
1.4611390947953569 3.642145382422427 59.432753567820534
2.1680019383907267 3.5824483128966307 58.276305464772435
3.1897436922207705 3.159918480670625 55.86654613687463
3.173080378827999 3.217042464787151 53.056706930499075
0.8274406418613317 2.804025091373482 47.46880883876549
-0.16864140028181066 2.9237944826827382 46.33609977318437
2.2589326316394382 3.276598741488442 51.460364042041455
1.2734546862348113 2.4964256988936784 47.848145893941826
0.6410683368729562 2.763371013645179 45.76204199638984
2.581375866371314 3.4869554265734988 58.03374450792466
3.685275916611248 2.9238710327808946 53.81281335440378
3.5463775085369402 2.4797540450735776 54.44808637832979
22.684073911230062 0.743147731838625 10.97878407193407
3.5120959279137507 2.5708235034795934 52.658025865981216
3.1297643439719547 2.7338537872483437 51.081631191222556
2.278299888382573 2.5573407613117993 48.407001395491235
1.9519027119154404 2.548160942086908 47.873379969626015
1.9068936819608002 2.140816010222865 46.646584658352026
1.5640289842176305 2.4598642188245945 45.035224256970615
2.576384093115544 2.025579701618315 48.84009249134388
-1.3350367308001643 2.569373794055723 41.089771444894
0.8237578102288913 2.0701660901926093 44.296022873967985
19.589021457723018 0.3550850982564502 8.655767583336685
-0.6185938708917189 2.800345997542424 43.5125018236146
-1.7970634905736251 2.7195947133454603 41.703629209270915
-0.15160120786477704 2.710290113199931 44.46036957767452
-3.314955294470944 1.4894496603564766 30.410501799273675
-2.4659891737434765 2.6979511694218665 40.257527090684135
-2.7816802446438844 2.4286122357835107 38.54245566907097
-1.2965274473950479 2.170003152984094 39.56164573555199
-1.3901946310924127 2.262410234797282 38.73102641107868
-0.6753610333544203 2.5437513279375126 42.73097561665069
-0.15433430788164443 2.726148008185557 43.83296621737144
-0.055552327538945935 2.226987507307587 43.63035784783944
0.08553815731955292 2.2378791362076607 42.93775672868264
-0.8118837486930985 2.080398646388617 40.75036315008043
-0.971531313066294 1.941277410994688 34.76995210694628
-1.5365522225673556 2.1409599540305204 37.88692825886843
23.06588085201105 -0.14299840007264633 9.231720060538601
-2.4555686669470114 2.4872042790805406 34.940428548083375
-2.049600887155032 2.33835128247869 36.42524757376369
-2.4184695272670944 2.334277631181462 35.61462829461108
-1.7254502438672903 1.9481663645435399 33.31804962765889
-1.7915346104020942 2.0307963981202146 30.871932333527806
-1.6499062269853093 1.9318469227864998 36.599095742867156
-1.44704877581591 2.250169737125804 37.29161807634899
-1.7390453276293463 1.7431628324344772 35.73030618906573
-1.0435795585327787 2.0457852353517305 31.55849212133425
14.224787962911112 1.933949660217071 10.33713172574626
-1.0615555856903585 1.8248206802437896 32.403703564915844
0.7547737154159128 1.7419679464969606 43.80607789711937
-0.38134187131358177 1.9264457234849477 41.339867586877034
-0.9376784027005857 1.5415218429747837 37.96476812315955
0.31795273911205524 1.8635494316667456 43.31783384812868
-0.32492850050178035 1.428087999602777 40.358719704235035
-1.1425736351235725 1.8911334659984185 36.61210867992709
-1.0756838638544377 1.4292630308065208 34.16473909151886
-1.0538031415030447 1.969424793559594 35.662588632029276
-0.9639702268121226 1.68430134658631 33.71700573146933
10.529795761421834 0.16567657204127637 9.007039679270687
-0.904770821722239 1.6984985825794945 32.32788596805326
-0.17082195511528983 1.393682974490294 30.76214112397117
3.6021485960689588 2.398343297829512 53.205948478314774
12.7795117307723 0.3691535373508341 9.167015664868492
2.8567306145641633 3.3597363519678263 54.94480504382612
0.09554512417832299 3.8190426796887955 60.661228033181025
-2.1157175791800107 2.384527174914889 44.64392659511714
-4.487145221698588 2.0784291706512485 33.81750470926958
1.107243059125782 1.4491253248502334 0.25544192761150797
0.13129099433710228 3.5023520494235836 53.93146875993422
-2.307043484747906 2.1324911027078466 47.62608684025721
-0.5350149466755517 3.42738612104238 56.994839409740486
-0.9925895665292929 3.4771092114301814 57.554969614390096
-3.61944661120904 0.8369502696444432 42.1812532351794
-2.095179336631061 0.17258784818797823 33.40352635119411
-1.0347778684673838 0.9615921998634318 37.15480124166638
-0.44645374011658073 0.573394255731403 43.343505750583944
-0.10726031211186549 1.157493553462307 41.222329353847414
2.0587825865354574 1.7608943033293163 56.12430456938168
1.77944572867014 0.07957032010827714 10.71756101139006
-3.6345636977723834 0.9130231503070642 29.217360657638974
-2.664826743117886 0.6030304951275454 28.550928911134374
1.6450396277892299 -0.5022434464656412 0.7494895486620595
3.4231035023077534 -0.5217520072611996 3.491826210819326
-1.073844695085188 0.4188188209618728 29.75109146217032
0.25679878250726934 0.09506172892431378 27.326655258857414
0.7055903758056961 1.216924024450828 29.150384310752134
2.847866300191303 1.2236875044353452 1.7832654573100117
1.9240992427425565 0.8702268697978297 1.5759311736021653
5.15585734148196 1.3362088763871645 12.133945752210574
17.88337815151417 0.08633392941007359 10.397573345290045
0.29656473828993196 0.41481881426978623 4.224998779797103
13.558349644011884 1.397764669698309 10.631247720437607
3.5263097253557976 1.3846408266387833 17.237898247195474
2.6753750463939863 1.0269383508516643 23.01804967903165
2.1624302986511696 2.0223898885456038 22.17513739286047
2.3325253467198617 1.4022168658169236 23.655219792719816
1.2798165320830188 1.4534224362615809 24.659003882423765
-0.36343088110944083 2.029689975703732 29.243616266290203
0.6964631047870917 2.2101473348319516 21.036939257175113
22.676741540755998 0.6548937858899561 9.151349256020545
-0.24107328297430014 1.9301184822542685 23.257650382042755
-2.520140448155268 1.5313017417996566 24.805437900306256
28.205494543520548 1.0055583000443633 10.747730812222477
-1.32382669432827 3.2298266418841597 58.936709726033484
-1.4584083163111274 2.8904294582063 59.756079053794736
-0.0508835236371807 2.8910968166711477 60.52772195186265
-1.5034481753679505 1.6894028582332599 59.10548249399325
-2.1202992655422057 2.3429651617260063 59.08225452574779
0.9067817865889949 3.3332287963566514 61.09605621903551
27.043885277932347 1.0482384453455482 10.951013641190258
25.303779704168587 0.9716128655669853 9.388913092174867
14.254125275336062 0.41998652255906455 9.314142528084332
19.950367701162655 0.4763234878725805 8.777808644660235
12.119742806176285 0.9657805280710707 9.075435568258898
8.116625582403477 0.6776139746798542 9.18579986887881
24.947900052607896 0.5356115454625736 9.41636277013676
11.094062271362823 0.23777645736802816 8.891977782151272
14.97083144412126 0.71787503784758 9.129523102772099
8.584275136207141 0.5708086948091723 9.272110159896517
27.87308930083101 0.31411200117440913 8.902095994056683
12.453994717831652 1.6181050011030187 9.532673404457862
23.88931618874887 0.7485664264250655 9.20185542840017
7.1382328240490835 1.2731283375141371 9.32457737105066
8.091080315678191 1.2187151430309338 9.691066097960045
9.675950084105956 1.150682078363564 9.50841030414028
25.824429193227488 1.1551944653928077 9.268358534827843
18.03777204681007 1.0250772598513072 9.49646683766873
14.124160788358097 1.2182206530268502 9.517706808933088
6.252295928740866 1.376394902907014 9.289285518778012
24.83081685172694 1.2576970705471027 9.587992870786442
27.12132169980942 1.2197517409091025 9.714679515263148
11.754566566956367 1.6204346076628773 9.1786185718515
18.422283997140077 1.2077873963342032 9.134591517964596
26.370358362078058 -0.29171133049744946 11.147363009183193
20.032213268771027 1.3627203315945486 9.318854697061239
27.972517387527283 1.464699889950633 9.263355914896707
21.02745018294114 1.68259630019462 9.391721966266843
10.36599594587085 1.22768454997103 9.291420428503537
24.714561199931772 1.552766169620621 10.076826285084659
20.668448709615085 1.620909838849916 10.085538177873747
7.94788889617045 0.9447018210019841 11.174092372133
7.266054989882885 1.4697140402154978 10.284358399508813
13.526632027376808 1.4574152184184082 10.1878015015588
27.226156518852168 1.4116126047047566 9.9655780888886
27.961787010549145 1.1720987030689178 9.729380890731854
17.733721257530924 1.0818301749622217 10.06587710219468
11.443521196478608 1.5845757925186763 10.216793488357784
10.469149403702803 1.6957789638799379 10.077012446270205
26.08571244436693 1.4888134412231662 10.237283988854069
15.709512802752236 1.5801931501294866 10.009358370845776
25.97372206660224 1.48927223892267 10.107049194374554
20.061592062417215 1.4394066489680704 10.035224587304404
19.399898497892053 1.491262723890202 9.986166212107944
6.343151525589386 1.4679072883867808 10.05919790663872
23.960295544623484 -0.4054652882750566 9.867477182790294
12.429502868247647 1.8445871732315469 10.356869875263564
15.175591992156518 1.6843953447941296 9.945212988029933
7.947191915243029 0.05530176703409018 9.367399479125801
4.671869843979473 1.4535553747322685 10.305292015185477
9.05491954807683 1.5957822709262566 9.83648528488958
5.367073898692755 1.6340372945729247 10.137425998132265
18.210186189615765 1.4833275060864741 10.512528904322672
21.666833919071376 1.3314575080151616 10.885200490033984
26.51423543689738 1.1322633661705723 11.165938437234397
19.206889362109298 1.3296734315427385 10.417723123225963
20.03122604347826 1.2728831779046696 10.835470211642065
10.590544188379173 1.4149529448385876 11.012543153358811
8.799561342798313 1.095990420743791 10.736124189940183
17.253611232573324 1.0161823060381021 10.444159884104197
6.342087911732245 1.2672448130273148 10.782359477538558
11.517426339638225 0.44097439172767583 9.438723790861069
27.350297587551534 0.5484643070411752 11.195600890326263
9.942023650754653 0.5848234844786673 10.768005411988229
20.21652120162658 0.5756231540473211 11.029796746660082
11.890474375256963 0.3847250291903582 11.120726712777131
12.59695299869969 0.5882978774205945 11.04209350730392
6.065937518336531 0.8321323016473121 10.956392387816004
8.155434115796062 0.6767674768292342 11.27711646434996
13.809040309711088 0.851847639775426 10.98017001617788
10.437095646112969 0.806115366721226 11.049247463953368
15.099898657078034 -0.16499113617169453 10.612678209847745
15.350795153453836 0.5175829358954587 11.153708617418962
20.725409072828054 0.9338850284081006 11.067811668045978
19.059555302402543 0.8740456698719682 11.10343585762129
8.775032880946624 0.41320188804675995 11.221779163024948
11.168067456074995 0.06999589905929872 11.025766227287042
15.890649209605758 -0.4287716968687398 10.808596398548959
20.919023412327334 -0.19930171981537884 10.642055161320307
22.7120146016316 -0.32461041412596814 10.487742968582298
11.985970948728955 -0.2639106924363226 10.828848461853951
18.644924999405028 0.12265332254211507 10.923466051796408
7.282018847359984 -0.11820242766873351 11.04515405982534
16.62607080964237 -0.5357226271998409 10.748262223451968
21.81033846657118 -0.2519254538999734 10.507255865567647
14.04106790384337 -0.1612842942414099 10.93130982499613
6.3399454101199675 -0.08609945511767249 10.715929830861944
12.828143798844264 0.09181349441815381 10.62487376535691
9.94347359285892 -0.22226179759340636 10.660983075761925
19.08290098982225 -0.026431461860074917 10.559688010966896
27.237463956905835 -0.3887080878211529 10.858493024087927
25.040930765846273 -0.03884192372394542 10.62816626162331
28.844226177251862 0.0850479964773124 10.70311595158927
6.0605269806225595 -0.4103209989742151 9.883735065488143
19.82144800826695 -0.5279877347495586 10.121696387409925
12.618796832075875 -0.3474607703978137 10.17998943152126
25.79546771862532 -0.4254118618870804 9.967804040806064
14.359481554096188 -0.3720074950351883 10.09635670661432
16.915989346711438 -0.2393046977663349 10.348458145375735
21.686128219368562 -0.6406914710467736 10.235132518888014
5.487363636266186 -0.32060999195546797 10.465298104154973
11.989433499252417 0.07726769815784551 9.946213684504304
6.988405233084972 -0.4694541969665486 10.207745121238043
7.9870562941507 -0.4147122614104789 9.891795737149698
16.061920523006243 -0.3449685813388485 10.009530914868629
24.818034218174027 -0.1989386507977518 9.793960174839118
9.620046860774819 -0.343286833520742 9.948703779371417
7.310025582570794 -0.21362236436544563 9.007317686771422
15.22932524853635 0.3268949539397306 9.530016422402326
5.857956410747242 -0.2564004081554044 9.506346223451269
22.377452405285677 -0.0071067229030464946 9.534955576424295
12.190174132526886 -0.2663887689878666 9.525009122621936
17.73580354443604 -0.09652870168970176 9.50227936355544
28.33516119542591 -0.2584229878962655 9.473605774895377
13.612133066216964 -0.30855725344189644 9.385521028852851
9.700412504305854 -0.00816093728069514 9.227503819506705
24.744562849137676 -0.1483088569151629 9.296526904643134
28.648828722468114 0.06975281384570378 9.560755977736504
28.441512591077597 0.403563055215283 8.830826688676758
28.665358019781287 -0.3640689580098016 10.098419214912157
28.130557027278837 0.6753413372578912 10.439233956568776
