-0.748038947105863 -0.4000687393826267 0.5282192896187375
-1.336451061479632 0.5247607973551658 24.57011378634036
-0.8414822062179856 0.4467215816504587 0.4841689080833988
2.9719901494582177 1.3850375797135173 8.430161006095197
3.367158352212524 0.6489370133456795 4.515997988885617
-0.7560342303186991 2.75171558327473 50.98419619875415
0.9416570813463138 2.6313786876356704 60.81598264640537
0.1274849308649919 1.323372578056052 -0.39782880121286274
1.8233477217390297 2.4967867524411407 59.251354876137825
2.289507307102453 0.977568159690218 4.52681627033511
1.3992520668800446 0.30770488733436885 -1.0713671557478248
0.1893066092458916 -0.2742496746754122 0.383217634157527
0.31458116865154107 1.0899877940207872 43.72168743121712
0.14010354051196575 1.975002179732539 24.156040922804944
-1.2046230444387562 0.5985004215798398 0.6856879141462702
0.5722306396466306 0.7244025448089909 -0.30457519657680376
-1.0388029015742102 0.5870789855523367 0.9897185948807573
-3.093319716314015 0.3007271972217352 32.216330869187445
-0.09857702990031907 1.9325646004830703 58.01407964954416
1.7949479045557053 -0.04591002421859189 -0.8023549398138766
0.6020188611541746 -1.3673966805281723 -0.284802978035024
4.697627561445754 -0.0548856803457177 10.07860131942413
2.508885190068888 1.5420720465106925 18.941299649613008
-0.8122626645717651 2.0524100103002976 24.62335107532426
4.2077158290634795 0.40539102187511306 3.4340482858583607
0.8885350657792401 -0.4182722445226331 -0.5760883813624518
-1.8946169051561195 1.9662944822742856 27.391309659474295
-0.5592424402074342 -0.18057313964424473 26.591155061189017
2.0618707394420683 0.8614667875452813 10.43489592145323
-1.2499390535006771 -0.15566077590155766 1.1026148243226244
2.3504098299564546 0.4518069197867224 0.1087960485587387
-0.7217353693579063 1.1513013866474802 20.596985914853025
0.8888180230275501 0.6614317234301891 -0.7252145202794273
3.1526525367671097 0.8626292099430105 17.84363049719065
-1.5176701665730246 0.7741426871777942 42.91382366307101
-0.9448299094919745 -0.624366386108193 1.1475824660099863
5.019277868963561 1.5532253328661874 9.143076277921066
0.9514851337659954 1.1053026350270274 4.041401494992173
-2.486410730153361 2.566218657362219 29.894561706748846
-2.658707014610828 1.4007926853721357 26.506522168558735
-4.1702968534516796 0.5220123888404012 37.05308396394224
-0.06496410389120279 2.251427312092371 55.56921017620135
2.6093082155038885 1.197946547462009 22.744469365839798
-0.36566946796544375 -1.0769652529183853 0.129037517395808
4.13360450339854 -0.7507872420455071 7.189139106641511
0.8389383455786485 1.547205363779939 44.34413544924372
-0.7106648469616519 0.5101528393803927 0.5218510489558592
0.7447711007276392 0.8311786815165643 2.8333504125601356
-1.7337268154879633 2.2121069995397917 28.28871372969634
4.415432842765432 1.5485096167621442 10.738455315435816
0.20066992011206577 -0.07386514762412338 0.12202271403574719
-0.276839128031966 -0.8028533177255481 1.9460902953620018
3.321319772435059 1.8989533824171247 11.660178570736518
0.5312142873190498 -0.8638675708194613 -0.26757655120476487
0.7415590463682153 0.10134718455183768 -0.8407249136051375
1.5694185314940574 0.04164119125904926 -0.09401085467069625
-4.910986375075752 1.568559751723224 39.432818517824046
2.291191385934069 0.5853401047931964 23.40723642033035
-0.35063040135029433 2.0129075768167795 23.60541177734485
-0.7429393534232268 2.2985998832199375 25.210562825671623
2.7856879410897566 -0.4021493511992022 14.289783561035945
-0.6865969512010205 -0.9953788301858175 0.6237056282317022
-2.4706799993256694 2.3575044180350497 37.16609904042899
-1.8097892647370937 1.6754280467954907 24.494329418858147
1.0099179045786604 1.4908715612891743 57.5014149415998
-1.93263873147856 2.1084971059478197 29.298942561299523
-0.03644807703595045 0.18709590092247502 21.38915837293174
-3.6762075501139213 0.780137426395944 28.664213878751916
5.354743882178862 0.8928415410037652 6.79456459180526
2.3793070119491406 1.7178563323568157 9.488453801144196
-1.4480613766961719 2.2183927433923465 38.54570047962847
2.7464335134685243 1.2723152154657948 7.23793391375855
-3.4374730835568945 1.5232074873605588 28.999791349102225
-2.8001934217650133 0.46220860235090105 30.892914578179276
3.5870794093687555 1.7007215305012997 16.528547353668184
-0.6871218758823984 1.7281021891235837 23.76610245819305
1.469005717433525 -0.7484212163389846 3.764980957449017
1.3743176928526835 1.2185443570154944 14.874503765099508
1.6061363007660054 1.2526925559927977 14.806308203367514
-3.299279035249374 1.850050889833616 28.362701587394838
3.597117542211568 1.6252828920539755 15.93294392371478
3.0748042979879147 -0.7130425645741718 5.833347160613091
-0.6415120372785889 1.255576091984147 46.761392899254766
2.6294637967473946 0.2899412898463895 0.5741277088272791
3.978627230154234 1.5522263337598075 15.67364510828553
-3.0792114046499766 1.5733538762952053 27.3780738169617
-0.8932042972649292 0.6375436927442168 42.46980767237411
-2.3868988293159847 2.0410810576729204 28.026651632146134
-0.04545629760911052 -0.7325057322958768 2.8340442319427064
-1.870264620530092 1.6557436354825699 46.83353651556111
3.7939674905120517 2.289893539113158 53.42721431973275
0.796093527036969 1.3488637308421665 1.8158385713284766
2.2819116904301713 3.5228410399850607 53.68399938136587
0.5853575368645819 0.4905324398706579 4.803371225238354
-2.539930286817525 1.3990399251542525 26.46492457419635
-2.4422129733641498 0.5777701312233254 26.01214487213241
1.4332311816937002 1.2569049779607706 48.34092638249195
-4.129557972943599 0.6527423999826041 38.93112322881097
-2.2196030464066347 1.353818427492733 25.304943667279975
-3.091819838682294 1.1543194752423958 26.957088529404878
4.057730865144848 -0.46524827339131447 4.5560586400953005
2.751023403903919 0.43223813262346045 23.093976744237413
1.6102664168805028 0.6132980202743588 8.323815166284188
-2.602136949385336 1.6277204963396976 27.6916119142281
-1.9752324388714637 0.5943146889735511 24.444037828480614
3.9119833009684806 0.7547526803679506 2.9460558598508344
1.3217866296791236 0.49065568764385337 -0.3411001567010916
-1.636627591155678 1.4010101902647139 23.681268534358185
2.7215041226631893 -0.3243198812477912 7.555383575759339
2.756753193285867 -0.6236492570986727 1.284952780597573
1.1536211795663442 0.9247827425818557 6.145430538924364
-0.4616260913517533 2.392961075470285 27.041487503635565
0.6426988500086923 3.632773262933757 54.05683101876012
-1.552818346056949 0.8843170997194885 22.966054880991248
1.519068839001429 0.1251764284268445 8.882400489389768
3.9060206052458724 -0.7409340388619947 5.056636026122468
1.6808683145520829 2.9957662970674463 51.01088340623526
1.365411321695694 0.7368802867329148 26.098221664186948
-1.2897492125813805 2.0457204661545116 27.437970771801393
-1.6516894659902424 2.458904488586138 48.18483425725276
-0.5552905530921928 0.6363809818701412 20.557446948372803
-0.34813448659974566 -0.1507982151067298 2.9064530936295876
-1.1406285893842165 1.1111805694413976 22.291790799941985
-0.712174083816082 0.2724531621690983 31.761112015022483
-1.5863704888310854 1.2345366975812195 22.744082395553114
1.5064679461706667 1.1305596196741394 16.21538838336545
-3.943013137196268 0.6166389325704253 32.513792653007016
2.905243594600183 -0.459766955292987 6.003189091381152
1.031492278786501 0.18284263645686266 6.629206830892829
-1.1977480488954133 1.4115385550422168 21.749025688534985
1.4620811369670788 2.171890051806992 22.190235780633376
1.279830562340341 0.02218050527856645 6.392000335645348
-3.291182142032517 1.8911982030440786 30.174316585009354
-1.6465286170292657 1.889468458568987 28.347790588369183
1.7575950485498049 -0.15697163983401796 13.54511628806244
2.862325451755986 0.3323572031071326 18.62438030105189
-3.3878657903424885 0.8079112202143492 41.036013445510356
-1.4926418880936076 1.7962933742841367 25.12422490181767
-2.583109425711847 1.7705277284406757 29.05905284620676
-0.3142210843325305 -0.5964406227389826 2.0683112552474605
-2.143134766112748 0.20746192678547468 31.832550560715273
4.644493932264197 -0.05236187039606616 12.969763227558373
-1.6972788469310136 0.5805383837237532 34.69107107214438
-0.7850677747734969 1.2195561737448104 21.160913391551738
2.4258285345818176 0.17732062712154584 0.27399678793914634
0.2779309242767652 1.0226567950136756 1.7453658878680245
-2.53070051377342 2.03239529333214 29.35374743889679
-0.07897530459073765 1.8279558231135702 27.349355223112816
-0.9537800273849943 0.3763806671006042 37.79178001757693
4.83772065714721 0.6869584291684456 4.318014035533797
-2.6918999091804197 1.9175663074314553 28.29838173045239
-1.7850960420008084 2.0960504408632783 26.54668266792946
-0.8616659007080468 1.112144818879131 38.037984141611595
-1.982583675875348 1.8043326306071776 25.92919765518758
3.1010733528122056 -0.39194968214993425 2.953218247821973
-2.585967191559254 0.17549859129070458 33.09936104180721
-2.3354379827612366 1.9492962756670236 37.95272521137194
-1.5030567033969755 2.360031082141045 30.234017909887722
3.6817455284711973 -0.4459303006534168 14.335727714318196
-0.17602454476756063 0.6048155327175848 32.154918466819694
-1.8748273792766315 1.6799764333347518 26.3400006613803
-1.9267835654630259 1.8894328319405125 26.736712122912767
-2.7252130276221034 0.1076987439482665 33.69628546867663
-1.560390763646088 2.142734954336572 26.100359150075608
-0.005422474601282201 0.8488710170034381 28.586251815444456
5.005657098274038 1.0827608044629902 16.320318520779924
2.9484788739473973 1.585729819990246 20.22266651937683
-0.6243860160949165 1.8149752129782817 26.2747176662245
1.074394610822795 0.3835855750414936 18.701537410905534
-1.2740625695609953 1.530426740000621 24.20073918159742
0.013751497703455467 1.5986319457855098 51.66656019806988
-1.2579538006012456 1.2583875003730967 22.69559553282174
5.1135367789631445 0.2838660009628178 7.032994490643312
1.4279089519432366 0.8035804707147113 15.384763663043113
0.1809035011225021 2.0459153765621307 21.736186423993495
-0.48762642361664954 1.7634454263899548 23.478378424729446
-1.216609254887895 2.5564011324433085 49.0861575689759
0.7937782998942285 1.3135586350502613 18.8378807845312
0.25904886702680857 2.176304496662489 22.435422202248297
2.0919060841523676 1.7455274944250638 53.07641934429193
0.3536036817181767 1.9611319140791599 22.687099589044443
0.6482612087866374 1.8724797157347952 21.737035254905418
2.8365610184750842 1.9781731766017676 48.55188002095686
-1.2859431083111619 0.6566345508652432 21.395198185957117
-0.3875126382437835 0.7027201162442924 19.631193262307452
0.32963814210430414 0.4182537608417547 27.427885816311488
1.5959453912373074 1.5858341093525352 23.942553326954695
1.1991884637536085 0.7343112403328143 18.67358630498737
-0.07338445117392786 1.3937570825957213 19.678636742052586
-0.08961896620781741 1.9534061859566918 25.406594063328118
-0.07408765723630073 1.7150250084175853 20.405576817646594
-2.5571633636499134 0.12318800795716206 29.141162583451255
2.384893851815502 1.3799633518860774 17.10046064377457
0.7189988205763523 3.6089317239957768 56.29072247117711
1.6408445816038353 0.7493919080940117 11.695384964481315
0.0988595895188148 1.5820139735791634 21.35353766275598
-1.6815279342501808 0.45880454203676674 24.14371473639352
0.8049281809709266 1.154061825857642 19.425509848740898
1.4989292875460822 1.13684908872156 18.09749218465276
0.32124583917789823 2.0771847262504695 26.770879823257832
4.341624505583277 -0.2432961677201361 9.733924525215512
1.1281211132447018 0.5352411064742686 25.10025015632664
0.9217290677229351 1.458282445017085 19.44133113309421
-0.8613369311995354 0.5008176846467403 22.425564336566442
1.2124715486213757 1.2325115990443012 50.353007712130974
5.437579085271623 0.6416371664710848 11.894761208513005
1.887563444757738 1.2591827090465402 18.95840883889538
1.6710513178230655 0.13626486164413448 19.29806414400137
1.4246880325836306 0.26306384104119673 16.826339411360426
-4.248127159236439 0.5355885793411386 33.78035410178053
4.3710399848723815 0.8130634786447767 3.6190330129461645
1.4444057815888351 0.6672329279994893 17.76412078221487
-1.1275577189206847 1.932552060289126 30.825579657100995
1.4927831068013568 0.4158887674517182 16.59729829240495
1.606892677566449 1.1513450101118932 17.042591990613154
2.3205443430745345 -0.7502722265230495 5.575476664365
5.3465068351398255 1.2345580958382292 11.994417271705347
2.496376091510775 0.7466607143750001 1.6565609348202601
-0.08628453679276732 2.039653826818675 42.46866523216387
1.7098188076850556 1.1954474204836827 15.54748249734834
-2.0835446813105545 0.9979432849273383 44.324793794915735
0.4785004343460738 0.07664178992998544 20.294342768161272
1.3901756555643514 1.6517361737173637 14.393093493423152
2.2368022022560745 0.3416795306048937 17.20560891703423
0.6163186190155114 1.5816943147654317 20.467103039564837
-2.338489494484631 2.226111108740633 46.23019358635381
-2.429062940652086 0.09745571542196813 28.07320556377131
0.6319620692134256 3.1649769539626798 49.88251717219074
1.4274199408080803 0.46865427350619004 10.253241068577793
0.8323438242080369 1.8983461378754798 21.24728427187445
-4.182138645329617 1.7997792476423222 35.57773240711203
-2.967991172618319 1.9220573370612992 40.40271433703781
0.2582015225783876 1.8180638384797767 21.52338424034485
-0.07108095286219304 2.9726993945656153 54.1527662969454
-2.527356728075095 2.2018694524971836 46.610271674701465
1.8424235698076181 3.6155084062809757 52.457346444004926
0.6933871781910281 1.7764820616724446 20.78667501142099
1.1403959233169547 1.9020708061858138 20.390919350124737
2.637994604575686 1.439866153307898 6.715794488375049
1.7623512646252344 1.4443721814489248 11.792932133117027
1.8834783274792561 1.6930182941854592 19.466662094432262
-0.3888526328934544 3.2535812877074144 56.616239114080884
3.575538822062659 -0.3989925404159232 2.544726426724062
-0.0005378566224433015 1.0124975954864406 47.44509449798481
2.444895761390087 1.3100537488584405 16.415524991504437
2.6044140195905032 1.3866562449713673 15.481912880048197
2.38174068441483 1.7131430854427587 14.904543954247739
1.3196758281245877 -0.7249726248728093 2.1406538067779723
3.3502531213130746 1.9942928728936162 14.762758077469048
-1.8758467046993381 2.332719433261333 31.85545988857288
-0.9451902549585066 1.8686933631022338 28.478427065103162
-0.05686494350201364 0.26331566532946477 26.953248038226903
-1.8302715215551764 0.6814769386131649 23.317997844253036
-0.9528111293739773 2.020414556417732 29.176177150649103
-0.7494329004138108 1.65758652289486 30.153875600024868
2.104275334131388 -0.17972347772473682 14.709344431073601
-0.05463272229142169 1.649568304428183 25.826081619949843
-2.5180653704410316 0.42949646140540476 41.00356529797163
-0.44355339409982586 1.6447884883202 22.199702510786377
1.225996079055173 0.7897661255193964 13.094309554636286
1.165950606243172 2.6727686968050897 45.865357559157786
0.9391185997914221 2.0163293930210764 24.96745909802316
2.223331627465243 -0.5691237700943831 10.869437858176614
0.037963013129382106 2.0512049291175916 28.187801219853277
-0.4297030652453858 1.9977262077064366 29.071141400667663
-1.4183957021364242 2.730030665081706 42.66107669367363
3.0529570682787384 1.6329590433059216 6.747482175246055
0.5742340115036393 1.7275605181826847 26.76125660964069
-3.701926704145081 0.8092360335459443 40.70233590606959
0.8450680864260233 0.5715985581132548 5.093363642558485
0.6396517902480373 -1.0703902439899167 0.25398794844880385
5.345173992387409 0.46713231999381566 12.578191008182065
0.8991254185718721 1.974141256859178 25.34209767991942
2.913467283003587 2.873539450469987 58.26691292317952
-4.66109639337188 1.439025485635536 35.339376138875814
0.42561512305778887 2.1030555852012816 24.041171986184295
3.2356981601327472 -0.32336409404587974 5.168442413751441
0.47655071257814774 1.8351345128728238 23.142980549990767
0.40403019320080624 1.103843833654962 1.1395668054979204
-1.4834972630584737 3.1426239991344103 46.41064572988703
0.17604383002244636 2.4765227355710335 44.4267307227806
2.2931736039402852 -0.987075318663799 1.9176735807902305
0.8969469296861164 1.5453705441362344 23.77108736131275
0.8770568930136463 1.8984775298960797 26.159641277559928
1.1576012337716095 1.729272999030805 25.979430841568654
-1.1602350914523487 2.037326222067983 37.30338217003558
1.8582137311615008 0.3411772558752313 23.45278872857188
1.5467799300472387 2.0306791046405213 22.818249539866475
2.412595514035948 1.3658507609680104 6.0638313056089155
5.440192760006512 0.36546770569203757 14.18404156232582
1.3404606505471008 1.6760387467166193 22.5144237469225
5.18658481729702 0.5109874349788062 12.858022922773197
1.6175297931328316 1.3968257266147424 23.815115724766738
-3.9808034948643387 0.6603521070401401 39.344430675235024
-1.6343530020593693 2.7750147814501394 42.17997036583128
3.7952163903301646 -0.27815852487441833 9.082548230958713
-0.3437324859299611 1.0699474514601164 43.436135320036826
2.7736517632805295 1.6228098748402877 22.68696981809566
5.2891892894266155 0.8132207928125461 8.609617076154986
0.24610878506342715 1.7337545313047695 29.4333024506079
3.319033335464077 -0.1571986069803907 15.393234251452455
-0.016224014562325396 1.1901600488424293 29.911051286310055
0.08522496931751962 1.8028208431814576 28.79097041717657
0.3224655226455987 1.379210988928011 28.910845615256466
0.6705625561569939 0.961648743890483 28.3593363843635
-2.341506169965189 2.306594653213169 44.64215504399808
4.090954157643912 -0.5367984965725561 8.53070999607499
0.8863450031216966 0.4385639312354906 5.8681481958315596
1.0171140361670648 1.2874002986304605 27.53709447063588
1.5227250047305265 0.9913983288705182 27.015485644076108
-3.481846940901006 2.3910848657513633 30.825547262389573
1.6155832081789714 1.478990853367521 25.67848683902727
0.37654394072142966 -0.006410131336596181 29.160694182984034
1.6190701443043503 1.6008283074258007 26.033514631166558
2.073375033768669 1.4079628154143156 23.263439365936478
0.33286722006695135 0.5338114910013496 19.081664495983755
5.351143676630195 0.8187310643285812 10.666613408892282
-3.0091860339206353 1.9927677249634752 39.69939607111802
2.3466993788888226 1.3774160541571332 24.093259952671687
1.7026281162938082 1.5246007405886883 21.488610899639113
0.29085535777994265 1.8924640995569608 54.76106970310409
1.7080101300627053 2.0366915109391623 20.265707466755543
1.9500684730266493 1.855414082259711 20.906431376302752
-3.2848364629557687 2.2499207083210955 41.118359058392066
4.838960378164795 -0.3589549865791076 10.850071605779148
2.411581386441669 1.9330826181872274 19.416576880911677
-0.21137672150672832 0.9535269295403018 2.027607677100044
5.007208364742536 0.15531970646058385 6.21222291297571
2.512779977385447 1.5449908616033905 17.99501275895015
1.1566764835415215 0.9499174709993301 0.7814715592575031
-0.2310489401611775 2.894752992403465 44.999405334603644
-0.03494187484783261 0.43980057313088405 3.962071976570712
-1.0083481629841256 0.14472465303814247 29.428506395939447
2.4519695820901557 1.6557469183372742 22.422763485247387
-0.3974705294876218 0.4430573530915316 20.49312931998277
-4.200100627863298 0.565810689216858 34.35230851252379
2.7894365220931707 0.7497550610999534 19.49150841361926
1.3098262928053896 0.871721171271458 14.103364482687875
1.80597375275961 2.2020527216201367 21.300520157801717
-1.2113729138842653 2.159123843904548 59.64793149092182
4.532405409678554 -0.3740159329417351 8.103309336424754
2.737891249016917 1.8435735632820207 20.519257872976823
0.67716474879405 3.724918481196146 52.90729306430973
5.382401334499889 1.0760700038941664 9.213412570456535
2.3575556372966213 1.2964811355489672 21.112928958224238
5.230381558831137 0.2934292502910969 8.00285003289156
-1.218702599705141 2.5942665307086363 42.21111828908045
3.3753936206651494 1.3781557299652798 17.089634514202938
-3.1172646399601645 0.9401804137974314 26.986676577335587
-0.6237196521523212 1.0182592303641433 47.5706790158428
4.1289946564714715 1.749300976090386 14.710617274676483
-3.332275823128853 2.380362595808582 36.62082697337914
2.882887747418216 1.117164423950141 21.126467440665948
1.0813678046894268 1.2553815599242804 50.678720480539
-1.358654673865065 2.2199713104518306 49.43331508593529
-3.1302100701952686 0.3049181176420437 37.87232143938738
-0.9281973348975485 -0.08773616781396903 27.905129828710596
-4.1632870172617125 1.1042062099596541 37.17563855429746
4.797800728908674 1.188075205088958 12.012634445693212
2.8698508267655862 1.6720579279321466 19.805994691928547
-0.01922646407410073 0.5521030353409713 29.915170527139235
2.7489876528674113 0.9148435792955844 19.24671644491608
-0.5638944058715686 1.4935686454338208 49.978868936812944
5.071890134567521 1.7860392496771482 14.768534193305845
-0.1384135215393416 3.069176729889589 51.05833353696272
1.5089564813192682 3.568613745001403 55.54808899105738
2.8547666415333817 3.2260542458808374 57.34316847552024
2.9695857951064464 1.338358607600627 21.53685766455899
3.1297690168153935 1.4657669258961965 17.95646976633302
3.6381133681113105 0.8738127236212775 16.945643538810707
3.996625106761503 1.3053866121382887 16.510901297355527
-2.6430808519108084 0.08085123333871211 27.66386386213113
4.584579873815402 0.8299644438864211 15.323302593459623
3.3836319643189428 0.6082093369887632 17.21950486573169
0.6970062806863272 -0.3017751810703694 3.6818194649573113
2.4150365229287614 0.3844255028803138 21.97888564087086
2.444378134466145 0.7170924876020784 1.1756826529325919
0.3041549160445536 1.3358196103685205 43.22369838232729
0.5448453762172538 -0.1151296232066088 21.192299153362217
3.7269422280456816 0.5729377729352296 17.123565492669524
4.912334259744481 1.2590649951541328 13.158915827085632
4.094336224703949 0.26047371558954774 16.893778461706415
4.651714963718434 0.7486647488390257 15.524625624657954
1.1706613711225016 -0.7689550849951345 3.812750722092557
5.51158887858196 1.3237837793555376 10.8765145241971
4.879106830395479 0.3949024540539771 14.544542767554894
1.1679180730376233 0.9234306728680712 0.47599191564827253
1.3489657803841824 0.25751857024443786 13.937891556669246
-3.9802755695299408 0.8449655874275077 30.819265212272697
2.223115357818857 0.12682812893229645 20.50442817857913
1.3676365011171858 0.4976131788673903 12.299351399711263
1.3693744165712265 0.7323061617942024 10.665763356172823
2.230636074272799 1.3738364346265013 5.186404523568696
1.5834260931071074 1.6037244827163664 13.41431095138309
3.490590628546434 3.0699826280867226 56.50328595150393
4.842930594301453 -0.032503182112838674 12.983636225573202
1.7690679259044808 0.7304691287131286 12.750336713517036
2.2742252584347926 1.5482730068502943 11.525159792113005
2.6535066959510942 1.692963893110014 10.652306209377096
4.797440981044863 0.4280392291065135 5.207621973481764
1.3696643292044755 0.24631150380647626 9.276064133045343
-2.761865142973882 1.317403949103458 44.37142068171431
1.4671414052565392 0.5403390557827004 7.742399799442555
2.0537788504200196 0.9136534787575935 10.00576672860931
2.135397616184869 0.9484962094564322 9.342831569260204
2.3500566681140405 -0.7305864822551071 4.526558744695726
2.2827069132449904 1.2669441921318443 9.745682779780743
4.8711881056363415 0.6108354666568243 5.711945984507973
2.0127894442836225 1.248184415024717 8.08446332641048
1.429834079812465 1.0696582326077198 7.261710167001317
4.321524789560444 0.10263166521450763 4.381551733773369
2.1902580554873903 1.4313660983116623 13.002053452607656
2.8152960076752067 1.3677139160394964 12.34925539739867
2.597372894999495 2.0353021983828823 14.438750982836766
0.8106396816781037 4.084357401205268 59.333652183228885
-0.25001788943802405 1.8912013046307987 52.485040344294774
4.528569843986389 1.4099403841183675 6.490257737690625
3.179954506960736 1.8637064481625185 12.926153741511877
3.6476973897132416 1.6551959726919567 14.041716277457267
-2.9554051856804144 1.1253874734158338 43.715888385026446
-0.09827102083448029 0.015703616434339145 26.22995894414199
4.729213716490584 1.1705497326890264 9.951704638881322
-0.26032229104090315 0.3243453625612607 24.014901335418447
4.945334098671489 1.1980135628558302 8.367978180308688
3.4355569508290027 1.4632867826610003 12.452204356319651
-0.4440797520093871 1.8307816030586022 54.94446950446834
-3.8003419350401004 2.272653088989731 41.87867905764995
3.127130740210335 1.4706261713990814 10.803647624994916
0.12464393675403951 0.5761651689782126 31.348108648197012
3.1949876919515177 1.549055324031629 10.133406712067513
2.540216927399282 1.577551516987099 8.529816922315034
2.3854311829785657 1.4122551841001854 7.492286314940033
2.9507920783292683 1.6241539451109603 8.973875266132367
0.4229635683479376 1.6540490792810985 56.60914750131594
1.7677812770866392 -0.0755774258958101 22.926064516626404
0.8596712167542928 0.49439025251348706 5.860094970589004
2.414754804610445 0.34568641102894127 21.070108004481387
1.2857693519655644 0.889012551917639 6.743177893909278
1.6569992697865816 0.8947819039134401 6.405571263249389
-4.065661565208252 0.33092953272198933 35.67560904602668
2.8350060495637623 1.7868913521265228 49.756324495904686
-0.8803810453561461 -0.05971037316787108 24.954581052852433
2.016682937606392 0.16250591260929476 8.587753625133287
0.6925751235424915 0.42834047920437013 4.4439890442375205
4.589758990432346 0.35872650434973574 11.431145843991803
1.8015201734527873 -0.2480902182354087 9.76709774775842
-4.699251558371733 1.1849285203273023 38.27748249118817
0.42107185222828875 3.4343098583107246 51.912928215669524
0.08780362363085598 0.6565837881188558 2.7850116780075913
-0.9569867789105122 0.16367843051469178 2.0638015757585157
3.45252968667534 0.5899624488037232 21.137659853408916
-0.44874484478638627 0.3804282139425543 2.5018026775652484
3.2517450436328392 -0.7072493487358528 4.432669982634415
-0.8394286489770899 0.9278931873589795 1.5604431099381288
3.968741593690555 -0.071910632951728 10.939503292373516
-2.4706873651583274 -0.06448534876935375 35.34909957127236
1.416622847233186 0.46497444761795576 25.47476465200903
0.851691429034231 1.1533583113627124 3.9549515943346476
1.667112702822458 1.204611271584423 6.008670320252088
1.5863679033297 1.3185790182231736 5.228949818613079
1.4539656138882382 1.583823371135368 4.746681899834969
0.494332568288258 -0.019000556154411194 19.82122128253291
1.3954743595156127 1.154933741428157 3.875558693732597
-0.03908383953098972 3.2179905172316574 48.560965113649615
-3.5874816918882653 1.1336378401923135 42.668525691607684
4.888002715978788 -0.2120421353292488 9.056366870872521
3.9563103003664533 1.2103668290333964 5.871718297271424
3.3035635956775815 1.0816752694521103 5.815165208862578
3.1130138635446563 1.792633394174479 54.59616587608753
2.298838257681581 1.4352335762013115 4.107615878560813
1.3035071449984337 0.864065400668167 3.5306447377047965
2.08246142445116 1.6568271907060168 49.08487782391904
3.231094428702283 3.088415760522485 53.84351476860786
2.5690673279806333 1.581309352794 54.434380009718666
-0.19541707126870306 1.2462078238884942 1.259917056049726
-1.9039498494793348 0.23002136066982587 25.08512447236866
1.747149927541254 1.1667380101322464 3.069928971236575
-0.8195335701278735 1.380203400513081 36.29579302887696
1.783012039904536 1.090831989173735 1.6439111158452993
5.682413156028748 0.7417183031421146 12.215160135854637
-0.4738115838590298 1.2150315538554626 39.79505013265894
0.6563467511443625 1.3574652219840129 1.24075429029965
-2.139387618219659 0.31167452269482576 25.139313261634
2.924809853951522 0.48155456904637495 21.057804178959994
0.3865040060544299 1.1334914729054824 0.47862030243667963
5.161041176115081 -0.044911025725644135 9.838892376606998
3.740575940183872 1.503433248250335 12.023443470120613
3.9362039610459942 1.5003272992990195 14.053086156533272
3.882046680684511 1.6180263703786513 12.972742077241902
4.195134203859634 1.437091376328026 10.708232560654169
3.962872662006843 1.5272413810033858 11.67237714212431
-3.103480005038226 0.07802981909796558 36.577849538822804
2.163430512585582 0.8466776715613654 24.526406275423767
4.333308142177325 1.641335198027352 11.45358934933889
-4.368021267942558 1.5756301698507424 33.20795143020149
3.6648353630326986 1.644545171394452 9.790327900681673
2.8310647093799535 2.4360775406997495 57.947025591987604
0.8833740655266907 0.5255991916073194 27.384645584536173
3.9717384092170978 1.4659983196450916 8.861328802418013
0.907794447620114 3.615292448084045 54.71893712360206
1.768495451370346 -0.22282973730161104 -0.5579573426813975
1.3203359532077141 0.5040805566793519 26.081514808665926
3.967136431141982 1.397226053185053 8.386003793180745
3.9472382535111517 1.3767991720156831 7.524046319335736
1.52559855515454 -0.2354896076320749 20.671758991519035
-2.278449579032727 0.9750122143888413 40.87441251969266
4.150329756229577 1.2165500114036725 6.631874380644173
4.581695420973015 1.234711816712822 7.656281410210364
0.40467984104236554 -0.3277478941169223 4.03936473784102
4.359785410792679 1.1205723846763853 6.498408461915694
5.079183619201955 1.376212057950405 13.801718760053806
1.3681279106539197 1.209534134019953 5.452434385258961
-0.16558777807478225 1.6623004573858944 40.686796454670244
2.4645811405078404 -0.00221638983125913 13.029582270458244
0.017725922820328248 -0.0844646745968923 22.731189690005426
-2.4237207201931885 2.7128714792084074 42.20183720171388
5.144925301436352 1.098630231155023 12.908386793346494
5.494592330848922 1.1946893525925242 12.43139881790805
4.649022405008253 -0.2718227520572068 7.79680460949682
5.566214562500618 0.5263059915180083 8.517359379933717
5.729907791966647 0.5499843317535767 9.95915011089784
-4.006116125332852 0.6075876501537973 36.46502235094947
5.460782829619392 0.29969875233782894 7.820287172823728
5.0752520751851 0.7608599088045669 8.440704157581868
3.3957921498965495 1.4209426855530018 4.912186787688018
4.078945590120994 1.291675868496393 5.254228491725784
-1.112282106573304 1.0696514526039584 35.58827291493542
-3.327689927010016 0.31183897414340944 30.305951331113462
2.891404322044289 1.2296722736266266 3.641660103599728
1.4673139488586133 -0.7479781085223143 1.3056684763425095
3.9193881725099105 1.1923468881796055 4.300342051808754
2.0516687794327733 0.9936243472864871 3.0821804161534527
3.060526589585238 1.308857909002113 54.008127232401904
0.4211414615058641 -0.09660019675506121 19.480531255287712
2.63396836752819 1.1252593528076313 1.9281157694015325
3.045145401592044 2.091739292104485 53.164754668055906
2.2720357842646166 -0.6877996645323031 3.006563433174688
1.9136507942968257 1.1560116471058413 1.1389194493215151
-1.6042234495255736 2.434137420585772 42.55603751847887
1.0336521671110925 0.8668748076048534 0.14194689770029684
0.48437530416954466 3.6145305671921983 53.72336629702041
0.28166039922434477 0.7921129199157309 46.18188584769018
1.6872658213235616 -0.4287771243566191 4.913950198407085
-1.025991175525803 0.3467501653827618 28.354792252168323
3.045551555149327 1.134899933452612 2.699124678384683
2.2543878701927818 1.126307156351649 1.745949026874845
-2.5415185544208936 0.5745790494982622 39.57264051260682
3.179809078050505 0.5460005719698977 2.039046835333553
2.770193555610018 -0.29034067256779356 1.4003402759152643
-2.5462885350778426 0.34072674690652505 28.469161146199653
1.4113214374537 1.071358747557368 0.6440189539150362
-1.4954793291428112 2.649201875054118 47.043563872670106
2.5421772232518958 0.49973515230150756 18.138451380153782
4.404308469824448 0.8221805353838444 5.289700774894705
2.9294942628564846 -0.7570408625160732 7.600556046572119
4.085714516314864 0.8321777765560652 4.302156040038859
2.192105872599561 0.3098995028459096 16.80239238216914
2.9399350944870726 0.5393655562148356 1.4438105105107069
-4.613992387192183 1.6850767445253432 36.362781195212605
2.3026377804470144 0.4516759198958288 -0.6900501024547628
-1.4401029583193796 2.2533881090878687 32.38401662382655
-3.2229207456173055 1.3749931416029146 43.37652356051596
-2.0327201715320378 -0.21976824457980543 27.472880990590102
3.9151651263794633 0.2836327923493691 2.3694953355387502
0.25961789932201207 0.04324569234155212 25.305963580426734
-2.2835817210414624 2.792031954222081 43.40322564225287
0.7135158583230232 0.8608543354510175 28.96664654491139
0.5928129199000904 0.6387090060961403 28.465396686768027
0.6153609821699204 0.4418403214576564 27.78508954539728
2.5442583310726596 0.4358107780373026 19.814501513203197
1.4150495085541488 1.1394546527508167 26.749269133471607
-0.9280133383493296 0.9141425419003 43.480449388712834
4.259252932278639 -0.3894439202715162 6.784788891072655
1.263126339772779 0.282429396809885 24.459039189417343
1.9713986910575776 0.4556581616326921 23.322444859987403
-4.839127662738484 1.23791708495347 34.438472623129734
3.331336201249096 -0.530246633652898 4.222014390009957
2.877569144943209 0.6675316111408693 21.933404005593253
2.0852200939691343 -0.16769644880891837 12.136438282238348
2.9549285016709708 0.31516019397702566 20.294557300004513
-3.3643646240268312 0.4294767063544943 33.28747526183954
-1.1834190483744513 -0.07504299901240719 26.105442454399427
0.6394888401978072 2.1628929067414235 58.88426661190384
4.6612580247659015 0.5486373182310393 16.251682275658567
0.09143646042699805 0.11542932437416056 22.12413355540659
4.122252291673538 0.24557267611316758 15.535720752172852
-3.608182805262835 1.9076472944681857 41.16181372791053
-0.7403390595557233 0.31668450369580486 30.081586870967737
-2.6144648105289687 2.507598434066426 40.284723226274956
-3.3813099217663103 1.909651161276812 30.553474833188595
-0.6153936496731142 1.7667427202290522 31.18592258611792
-0.5848848302398848 0.16591519332400745 30.088350553257317
0.2245173740957654 0.20099244458456486 26.652018665945384
-2.3918959947351452 2.845221570638936 40.992416253436645
-0.7772454438603054 1.8289876748584246 31.736025188778108
-0.8987584292622437 0.23610477059850998 29.36028114739196
2.9028032194474642 2.2699004939877696 50.567758463975274
-0.27393465636593456 -0.1478971819472622 27.55375494593959
0.7686532860801798 0.4223882112726107 25.49399446439183
-0.9992227038924354 2.016129228648205 49.68814803609087
0.7416615628059655 0.4668361331486077 26.001453246451096
0.7710297779579592 -0.5707486278496336 2.0537080475656784
-0.13621465853552306 2.9831089252045198 54.827737720709095
1.3820817662026992 3.8457185586360616 54.59714201324691
1.6671009400536474 0.003137594808974381 24.308484163255187
1.3182814452490397 0.4368291653896162 23.45169514192155
1.9122663302409624 2.8560316521155578 60.01960929102001
3.867407874602896 -0.28448645955854485 12.367223669028485
0.4552155976978143 -0.07694024003810707 24.447249646760262
-0.00993267571040981 3.1328853975913895 53.215630687395674
0.582252360956193 -0.12010228840375275 20.261840905818946
-1.7803071427750141 0.043246726194629714 30.150821376505636
-0.11212477049553621 3.2369249460806055 49.295364399732875
2.9367807507150605 -0.47810189288574556 2.1242982376781887
-2.2714314756696403 1.5471272178570485 46.6928995619971
2.3805175845974107 1.4023357474341265 51.89022216037031
-1.7427537017901962 0.23838351750564882 29.26913372250012
-1.8454912325460582 0.044360689799533864 28.40298777314612
3.6904286113002045 -0.23114015653665138 4.02612697304641
2.2637008624316985 3.3913767275267976 58.689269040624566
0.4308426169741469 0.19452973986686395 23.541501834219513
1.6425532681025734 0.1925331639933201 13.313857269748862
4.416747644244916 0.23081187872486492 15.883860798466273
5.17950357111498 0.006614196858503882 11.017757223757885
2.51977421320104 -0.6204200160995964 2.9339521635488484
-0.5609687369969905 2.4309777112722637 44.696426688225515
0.7233554210311539 0.14006731137284997 23.02180523595896
-2.2937061883284353 2.856072734495291 46.22954397029123
-0.8395170369758668 1.9801691289559948 58.152070067289564
1.5113014899736124 -0.2096102497791943 22.093302998617606
2.4724131780129404 0.37492424599420066 19.41668373748312
-0.7708409109789411 1.8090631743068697 35.454771583176175
1.738365392692308 0.07728997282654573 21.446079158483467
-1.0379414886804657 -0.5918412248157046 1.221626878141576
1.9653693751208046 0.46800022504747035 19.99495544933521
2.433345286143521 0.29069449651241636 18.55857534939888
-4.328755788853495 2.0616128434605274 37.62267440619996
3.511724874590361 0.31112778126299195 16.239651082697925
3.504579521465865 -0.0295477328264786 15.382159083353253
4.440610867914794 -0.12448232715454564 15.028268310517788
3.227754479009036 -0.06482497406382856 16.55919446495253
3.7262231794681155 0.031282571787578484 14.798287324742036
-2.564119300093073 1.3751815714763387 45.510671857033195
4.821681987079216 -0.2363871356740686 6.9045357793591124
0.30487042971202877 3.8689111461157233 59.87097947859977
0.5063847863359853 -0.023505073533097276 22.15244242244218
2.145668933028996 2.674475855281112 58.0818653667631
-4.42383399791938 0.44028077223133777 33.08306902762263
1.8597782850342361 3.6853425186739375 53.10758899446145
1.1489132425737285 -0.019182639109262982 19.28301619730302
2.142163710202271 -0.5161640285085412 14.068166003053353
1.5797211242883542 0.2806697516507389 18.957423220504538
2.926479978425827 0.653007997595981 16.541028906451128
-1.0541144615430562 -0.24371924674867373 23.602783490316696
2.4280116425499374 3.730045299674323 55.481272462350745
2.6649309035858124 -0.040992307331397054 14.661447670343025
3.8015020617926503 2.54948442233363 54.685406498476596
5.274441844962284 0.23378316271162725 13.556110493968237
4.6679750743717054 -0.44489359701611103 12.12673318169658
3.0458984333403585 3.4180681335326533 55.70525684998348
0.8770839830243735 3.3483226297995885 48.27327396867648
-2.645391660716257 1.5288984962596246 45.183178700365474
4.776808872790418 0.009837687738235526 11.371148724185673
-1.7601458539306374 0.8996587741718871 36.50647771433606
0.9825327943221642 3.0301147130610424 49.416636173626394
5.108612209308544 0.5469167748633057 8.893926574844249
5.100645122627941 -0.02116639561012229 6.8414625282528005
-4.536439492635018 0.6842959821177648 33.346949216227216
4.656295640269474 -0.011226487814030045 5.030083967711667
-0.16459394410428907 1.6040294987861832 39.11692847593063
2.326339745977545 0.24164638712462547 16.31446619655806
4.05928536695992 0.05328482741915663 3.4926170245172345
-1.6382028492754024 2.3898125201684715 34.73060946105875
-4.6034991536548535 0.8543901054980672 33.85310567555436
3.2927090081071824 0.04837313758185456 1.490592896938147
1.1274464184242363 3.2198744171202716 52.19391220770515
1.4113033289680836 -0.5807901990682333 -0.3745085833483019
4.721646738477978 0.30034239097433496 13.777339113575907
3.8000717034097975 -0.43225401365274196 13.035095762237072
3.6722481045709956 -0.45281012231246404 11.282424459952763
3.2442986381756924 0.014260614429068175 13.353271072227237
3.2588076746991734 -0.2103207741882725 12.202445767650628
0.37284104560890485 1.9152570417968975 55.70317031002543
1.0028946656933995 3.5301561157123302 60.54029956241163
3.3098379771881254 -0.3010791417301894 8.446367948898665
-1.426529496966258 3.2232744372694033 57.75988180058946
-1.7670485870145212 1.2350559000262757 47.38368275037079
4.196193063312934 -0.16867135395948535 5.942548945203271
2.752872776831735 -0.7044548647542642 3.76131187875598
2.132131206349223 -0.45290473208795007 1.3578627351725816
1.9938058387950386 -0.20160748751106738 0.4927551049665565
-0.27169510248060486 0.5591902467158469 21.34892265313828
1.4687548918067843 -0.7807595168642882 0.300091395557438
3.4885444815515374 -0.625550989585387 5.917255498615427
2.283697276792915 -0.7327063900296623 3.906068475067837
0.22401442505521285 0.7593164471486427 46.09209556646672
3.2554574803603433 -0.26694072483013614 6.370374194022339
-1.001648144666579 2.8557511591019162 46.2935394730112
1.6370142869624555 -1.2602313335929238 2.5977349448786335
0.9950779181445102 -1.029566240396642 1.3891736686652543
2.4591635348149072 1.518143503413681 50.08730580097638
-1.7370719013194973 0.21351176114311218 27.53220838188074
-1.5684138666642173 0.18431209569897905 26.86913712231665
0.05378647982282879 -0.3732057819560064 23.512521749134127
-2.551350020669537 2.467481810759714 42.79713144152599
-1.4829105604522301 0.3544560338605556 26.04474894305579
-3.302991702091524 0.7534054241307491 29.412514362461817
-2.0964866236516833 0.18124404797368668 27.095187000797612
3.3524747173356997 -0.6682829319764123 9.355318502544733
-1.9073873821864273 -0.10481206464509565 25.828489905803234
2.3603001562950556 -0.6983223121541973 5.0337895497782545
-0.5418348849899828 -0.030202871811962947 24.461833670368996
1.0656939236654341 1.8588814735935995 57.25222963384595
0.18575412809062317 1.487701262064963 46.656133903821015
-1.6688346657252766 0.30010075698980976 25.159012351689153
-0.48136669867413373 -0.18249305148337341 22.937687646899924
2.2512006682733823 3.659752344242859 54.678121789982036
-0.46266993368290166 0.35415813383585415 28.593851938761293
1.4136135549385378 0.13933013085814647 19.24946817347097
2.65672998408861 -0.20839300447841966 15.620225385896967
-0.2208114769061034 -0.22927730337503904 20.402562808446124
1.50957902934482 0.5427032753239779 19.28130973043228
-0.007499006415778886 4.020774459856271 56.423172592564065
-0.3904996960284227 2.772049676934568 56.407612407807946
1.6300595392862547 0.35442616110033454 15.76167240813631
-3.4659585235775987 0.34432056692079394 35.50137113547929
1.5521067273536469 -0.16565645276408755 14.975938482344906
-3.1855657032765454 0.7734057997436731 28.44548387437847
-4.300395495514388 1.9395724034674975 40.255853278455604
-2.9534980419606165 0.5134737336909809 27.446727522828223
-2.378481940944178 0.6486587262919483 26.414555046245873
-0.6342758418418093 0.177298946744832 22.894836306891683
-0.7832060137357224 0.7223515727365367 21.601918107210206
1.0119946734126473 0.25758715221944584 15.735193478176617
2.1148419715796316 0.3675815096005113 22.331629480542702
1.3270275158202152 0.2727373439255022 14.393845820176148
-2.181420309661709 0.24518819003339176 32.699996444127514
1.3698887567203943 2.468612870101532 46.82952370700666
2.9867764413351128 -0.453188699974797 10.980312742558633
0.8581554742349 1.5907796869247814 52.06453639149385
3.233776835435787 -0.21481364442652853 11.578620437108926
3.3245670225790898 -0.19240045289017088 9.8832440008377
2.6179146280857304 -0.15837081022005817 11.784563816458014
-3.803569542500592 2.244210500169314 36.97897016491404
2.4383176805844813 -0.26761930002325146 12.559862864952239
2.677904299345892 -0.24541972105029652 8.479576732694127
2.146996843054397 -0.18573928830801809 9.99807392638412
2.09313188874055 -0.2378971475392915 8.880624956860176
0.773001680224899 0.17497125762157745 5.1188054147945605
2.0372521486921773 -0.6110827286546201 6.494926870481975
2.152392978477127 -0.39351303073752986 6.909502069055376
1.681680742378423 -0.6230700899148838 4.594834416107171
0.7144154147982612 -0.7604565725799584 2.7173115856270185
-0.034621218683781076 -0.7986673982286814 1.1792480292727314
0.03814215490187886 0.8545204064086438 44.58226260401925
-3.030507469309847 2.174626799275663 34.282622087964846
1.6674709846131153 -0.5217198132001504 4.677552192364372
2.0129144301333906 -0.32249461271820873 5.792943937532017
1.653041080761533 -0.2639066125023004 6.173276777814836
2.581171496792452 1.7539714292548962 55.889137714330474
0.8859891122903444 -0.3720193208267644 6.773247300196679
1.3809815027329726 -0.7739143015178384 4.58726379912951
0.7219286139683725 -0.5439242237950702 3.0423650908646622
1.7706850115396737 -0.11754463119224433 11.431435411656368
2.2023356648077836 -0.03636722061278261 10.568234101383716
-2.453108626179744 1.2139086549667684 46.049287370221606
1.5034102739194801 -0.09108471438003124 7.819141028734103
-0.2994073048049082 -0.12055476685726502 3.0371361583542558
-1.4569738753140746 0.27691694183302934 30.7862382169479
-2.9560311755312716 1.7125104523876473 29.662556522864584
-2.961395148064078 -0.15419065133227572 34.44854375854778
-0.12259761348354017 0.18803243751947066 3.5248878770623633
2.3091922344935627 0.13150220720868294 21.739042338365454
-0.8478849023691384 2.649571647334689 50.53859754885152
-0.8026885085252953 -0.8701182926938735 2.0205973907469152
1.8638416935133189 3.230316013230442 60.629966375324635
1.3048317903920634 3.085354487170763 60.957910838847624
0.18287053202113177 0.750422807944916 45.37066241385068
-0.021040159436413783 3.351840467415428 51.49355380062392
2.381838431621286 3.0728940591654985 59.2424670088645
1.8979343373568636 2.808162427096918 59.545661166628584
3.0943069063277817 3.35548426511135 57.25149692867788
1.4609237652138767 1.53712822916292 48.03657239672046
-4.297289488367728 0.8295318383450813 37.959905049847386
1.6085432341202606 3.5231338471500635 49.433854302787104
2.3172832213869508 3.116401033420502 58.96664257601089
2.54781545280851 2.3389351760070287 58.92470210938813
3.1727639528052105 2.3962556397875026 57.07061268183967
0.7695352729506101 2.424735546671765 61.00987215600645
2.594879228236418 0.8076817944158079 2.0083159441247873
1.535667586384185 2.5319760824178767 60.17442591551103
1.7247769081302875 1.6943398617857452 58.95421398542322
-0.8400810062457776 1.9222173257892943 40.2913912459572
-3.845962823433209 2.1319493404924827 37.87314235701604
1.9551325608048242 1.8264870279137675 57.154269451400076
2.9266993051710446 1.995889840439067 56.5074908541829
3.1919447625484274 1.94337912510528 55.846164606219496
2.2050727142471054 3.348010333650925 57.289224922225955
3.3443615744412267 2.1205034391367366 54.75477968442656
3.378413246618127 1.935075851262698 54.086419590745194
-2.4696300126197666 0.06456223002644676 30.16998533712907
0.23607128160028953 1.2356537426974805 49.576197872954126
-1.205041854319719 0.8288053804590854 45.496307433485725
3.523076514202284 1.9216666428135625 54.055250578869085
1.3854739022519587 3.7378385818301307 59.24897472987082
3.3696911493857895 1.8937777029804186 52.48195119634442
2.5184490786569307 1.7487149799536592 56.453958144789084
1.9858143440180227 3.2929342099898666 48.41289716438366
3.802825990902969 2.0341799441329607 53.16257852928113
0.01703277267029519 2.3483080632352267 60.44642136964268
0.662580669664957 2.2293542013359775 60.45563488109226
0.945962635208682 2.1501475035075264 59.36412820316766
0.5138039776142214 4.03997264040963 58.31263412201508
-0.5711924019789416 3.204699220998682 58.048302202578604
1.4553209208263598 1.8395606759266836 57.952159295676736
1.7065911800456983 1.5471605413600127 57.39423775759075
-0.15654919255646854 2.488397576279889 59.31753640859593
-0.5182621291727576 2.033650710975089 60.112837112268295
1.6030390098389657 1.3480996855913703 49.64659507258829
0.10803107064340388 1.4933776327208448 51.05364561517804
2.858752957588529 1.7417599856634485 52.44248410988611
0.6181407725659332 1.8023053657121597 57.8462745123334
1.2851351333693692 1.7381317127148392 56.50539812122676
2.4190597376998824 1.6068747204644485 55.491189418911034
2.1620689821891608 1.8900573662746178 56.27047763446549
-1.781513376489594 2.3778398984031988 47.118275062152065
2.011653810492894 1.4888199405338967 54.65570360793234
1.2740233656227347 3.502705880722518 60.13061880922468
1.5546985827379471 1.6583622061034533 56.16758128982736
1.5744383177843344 1.3197373764638354 54.82610868005062
-0.6834993353054638 0.6734888690946301 45.030247223514856
-3.5189429771560783 0.58870645496156 39.60310797410222
1.3994826140034997 1.616870761724209 53.54556968482946
1.8765800641353776 1.2008778145919095 52.950785466954436
1.643545284717621 3.834708650467521 56.5913170269574
3.3592079871783898 2.084763668219651 51.5869739616885
-4.67681480056723 1.805138574652827 37.30633394975034
2.765028293636512 2.2738047969878044 50.69941027914762
-0.9745540212895522 2.9110389857619854 59.64889458017218
2.985157006663144 2.150474587743936 49.42821275780842
2.1089556078119984 2.33652556750618 48.18400054387365
-3.230757127609305 2.398984171775372 38.87901371790541
2.8464891382923003 1.6025055990546564 51.04458262014883
3.132525607978913 1.9365899168939915 51.8018972299934
-2.123954856540409 0.5118143506372455 37.31234599621154
-1.9891261152139352 2.7758852807340424 45.09991798399244
2.56113297642265 1.6212880478540812 48.288007734845415
2.3529986392840634 2.252403826921423 48.04421371558872
2.293165824930553 2.2648268890840084 46.68026666643681
-0.45281427503573757 0.9111369682735208 40.261917143675674
2.2273270626496444 1.7593502617196286 47.922115819901116
0.7413718814782886 3.7601088706990438 53.43796823401104
-3.621105834490504 1.9334850078373544 35.6035503751758
-3.682113434151226 1.5212593848103093 42.20438254623821
-3.447446086562058 2.3802613353206574 34.828291254905736
1.911713356639686 1.5022316894921035 46.691282156337
1.7410391565300771 1.086904757948144 45.73846372699151
2.7947809280223965 2.734904217465814 50.11316827756571
0.8579920307622011 1.559894150824864 45.0038243883612
0.35106607416063673 1.3140699915007523 45.27329275493923
2.6790355303826017 1.5156821358472923 50.689661956475945
2.3113984535047285 1.5036999719155155 52.123053675260046
1.8021137629851582 1.219059260924533 49.13607144737509
1.8358633786454288 1.4675523064809937 50.912242285906636
-3.319063240154719 0.4904872533666843 38.744165748963916
1.37323491900713 1.6871859919201293 52.52614237961255
1.2459644819327824 3.2613710115133614 52.47685273577191
1.7189735371555124 1.7936434819039098 51.56566767971967
0.18909868915258732 1.7483973697385375 52.42893867106799
0.6185666362098947 0.7458919859555255 47.16549222992494
0.45111446089185386 1.0531461241806879 47.66016570320516
1.3238115914760216 3.5250826359190537 51.21713151876037
0.3339402113626673 1.0868998422616913 44.82159420151083
0.8717122029635623 1.134603488994755 45.9547592338759
0.5377109263026763 1.0706929414121098 48.373773144410904
0.7959969826497044 1.072476651759236 49.475610249574785
-0.664635455040144 2.1639833902070267 50.79879495851442
-0.16346492726767806 1.0389774801358034 46.780182942502066
0.3834627776751789 1.2345617352704696 45.01341963907006
-1.467825612564 2.756069520395964 58.80114580337308
0.8107966110717814 1.9811867889796693 53.95239675432408
-0.6870906026417116 0.8070022834511451 41.74225257041276
-1.0229200245029855 0.8223133156764563 34.08314636111448
0.41255260114293174 1.9609007680383999 58.869111855244455
0.22696068741523498 2.052490491505024 57.273230957288796
-1.6667026442140822 1.9907563962436727 59.498578839768285
-0.7080925244244776 2.167757101212477 57.72278493120407
1.5624399982883053 3.485641425935501 57.13765106863862
-4.294160700406745 1.2076249064997706 33.955042616810914
-0.27130296849907465 1.9577625831859247 55.9739436932568
0.7592352880933595 1.6568830127497902 56.08611260181644
2.958342399025005 2.7364149112406735 51.43959126983195
0.8562984389559158 1.433672632818541 55.57410328912182
1.2747512294914232 1.4041033382569301 55.00089200963811
1.0195554567519765 1.4081046202769287 53.150825190411155
-0.8866749985299315 2.921651430227775 56.61490694506948
-1.1919181578439166 0.7258607624550244 38.916201287626876
-0.512184181478076 2.318668509867453 53.98705592280367
0.16747886418816155 1.9078009210539382 53.12486134466469
1.629809040433952 3.5740947955358933 53.894738643654925
-0.23521114075391733 2.144534165513457 53.112020391524226
-1.2047896922459307 2.403389302052115 58.015980239612794
-0.506338554462787 3.0729487181264035 46.244850363054425
-0.73571544329251 2.396176112158778 57.37065746682402
0.5734066441468975 3.25976114502704 60.84656207310145
-0.7118596339618861 2.8216843548157766 55.91825829748525
-2.028238699513326 3.181554052367435 58.87610513029758
-0.6312478735727444 2.8888790910165323 55.83082578466192
0.8571963488829882 1.4120250180229241 51.4382815542354
-0.12016730494003448 1.43811473598391 49.13764101458628
-1.6707186685218076 0.8596985459510889 46.114033255874766
-0.7588426448634387 2.7547299829128287 47.32656861553848
-0.4494086218870411 0.9282711932999542 47.45248411205496
0.0005637107151463643 1.4606065051274082 48.59361349225802
-0.9116906751303633 0.8063501583193501 46.11125742684017
0.8068753208151522 1.5936150198047851 43.37316292107618
-0.9807485059330797 1.7181972649875388 49.1543116706536
-0.6411695629148431 3.842736342857027 59.575931460552155
-0.6515162687248746 1.244122408005411 48.50586851187537
-0.48089544932153394 1.9742072303804938 51.49144981173425
-0.7466208307674825 1.7057529653743213 51.75579649696553
-0.41980747219026976 2.487976412392249 51.98102133127316
0.7596011749920867 3.3309261236773846 50.766469921940086
-1.560499655800031 1.6572415373826916 48.39851740179708
0.18644217118128203 1.207166061511116 42.763601295603856
-0.11920378164974249 1.5812689281610315 42.59820636444
-0.2128771958774143 1.8088096024164648 41.17818905043673
-0.0980740638255117 0.9167448546342263 42.34475023651482
0.8196080419189499 2.985141877800689 45.16982430823415
-0.5476689834081694 1.2499675665424856 41.26773268535624
-0.2149319483840916 1.4567464542537765 40.64513567142991
-2.9915911844595025 1.467576038582325 44.31820480700175
-1.2285914159791929 0.7653238040093836 40.72248045261659
-0.8967210297201522 1.0766490756225104 39.80746911972607
-1.7371390678192664 0.9580311619864508 38.94836814481254
-4.026539222477068 2.314072345269344 34.38209346700727
-1.8316150631014454 0.6677666025179765 38.08893167735889
-0.5350603318599999 0.6021314854629443 42.85342806366781
-0.9921183270147879 0.771838689676279 44.22536706966802
-1.3769538540122037 0.4349926549036733 41.88635448348676
-1.6061141963401278 0.6012333988105253 41.268525715530934
-1.7869095579839887 0.9135888110013363 44.19732399745021
-1.4895518005658994 0.6097545184227066 39.77655272219682
-1.8457891679893967 0.5756114722884629 40.23635784608572
-2.754882619748173 0.20298738264710448 38.78896035659621
-2.7733448040839517 0.6178622252300705 37.82903198356748
-1.172419445361826 1.7659574768682338 37.195689106160806
-0.9184285743874137 1.6254822000895115 34.90763023355678
0.25132022701083895 3.1673696801012152 49.90903260991129
-0.9719708775553297 0.8942990786811666 37.5103567711767
-2.6277448421415017 2.2825496315723752 33.96566494258454
-1.007098085252024 0.6962390473458935 36.46177776790747
-1.002369568258851 0.82346077900358 34.72117836927971
-1.60104651583157 0.4948641086841584 35.54538207549692
-2.256688502610432 2.0634735336045913 31.66896150911992
-0.8973876139926221 0.9865763065512851 32.25785517851286
0.05244591146990968 1.5068947485771773 32.244423629873225
0.3147748992702102 2.899635269305555 47.794866019958334
-0.30798851287998097 0.7491927611975494 31.042846879602877
-3.424658154146228 1.7272717271181677 42.69748023561517
-2.3221922727967996 1.7149693365189096 30.929584135203832
-0.7623703586090022 1.0300460127243483 33.24041098041653
-1.784187242736042 0.24561738846087383 34.35965329242456
-2.6950960070094796 0.46265686338475837 37.20320451662225
-2.5315217966653774 0.6071544967254147 36.298420829533
-2.460850839339074 0.1381157004793138 34.56142899732703
-2.633329967600017 0.2910275016557531 34.06774542935709
-1.662551205283877 0.3956895782686581 33.514635679761376
-1.6093307202729246 0.5487597732292835 32.35357200118383
-0.8335187238201109 0.17113432221870906 30.75432097866756
0.6920209518338826 3.786029012780849 58.79466853437377
-1.7061160544662684 0.02689873223306749 30.754589433476017
-1.031504093830896 0.25932942914469254 31.824538036082757
0.11494536711729098 0.16881570179949812 4.109128765497035
-1.9623368575952511 0.3799578270930226 32.05958735761002
-2.311486118174268 0.13330693896922746 31.327762671317828
-1.4091096410199544 1.2026864789086291 45.2391421547829
-1.810333961298965 0.7843934637381265 44.35810888639212
-2.09996516677072 0.5675328682254837 43.699797608581456
-2.2168095531139325 0.6898008033909827 41.79794081487243
-1.9838592411064369 2.229443211173094 33.98351093103856
-2.460197939823578 0.37871493791160393 43.01671842476176
-4.723085124581782 0.9254520148527804 34.633368057957576
0.8242235162228926 3.3435635995858015 55.10966621992088
-1.284355127063797 0.8803546610351026 45.69385439994577
-3.338717902343182 0.42162674319616184 42.21235176189416
-3.0359669414104515 0.9701947196987541 42.60519367664814
-3.2388712253984986 0.5813612020728788 40.2111891602964
-3.704667558472616 0.5495905099220495 40.97210985899505
1.5664856820315058 3.7113255075597853 53.6341063875004
-3.807653053901289 1.4674403165028598 43.27001927366957
-4.174137339027112 1.1959618820845 41.38576950666789
-4.455528925444776 0.9714105859997599 39.55662324736851
-4.6701886690135685 1.271788552789547 38.65548902434572
-4.088463594500962 1.1478997267311855 40.11119094411342
-4.420915005524066 1.4048282988329484 39.69037499723887
-4.861921106587896 1.3343809818345964 39.050970189679425
-4.628754260146788 1.1166576611661527 37.93357089058334
-3.781333038346628 1.2871759057925756 29.97694914291963
-3.045639463521759 0.3099901525519633 37.17559796236663
-3.2183932117733023 0.36126073472168374 34.69767579935107
-2.639363033210805 0.16781698944272114 33.19666541107192
-3.024949958409044 0.2002027713481145 32.38843812856631
-2.6811613202381928 -0.39873514017450107 30.530250334287686
-3.193467933146914 0.2520141380805068 31.380635676843077
-3.6351598004968784 0.43330112111763086 30.407191850660368
-4.494417501046936 1.0132703329090589 36.35363328537647
-4.353946662881461 0.7619924602632644 35.64196532774469
1.5571386914854395 3.9926264081175367 58.28827666921883
-3.8636109412203123 0.21180923496895365 31.50728701221236
-4.716454780516898 1.1267643729161823 33.43422449525641
-4.40057618419276 0.9431652039179107 32.92895227603629
-3.5952222734739956 1.0929187939649838 29.168795400641432
-3.9891918642674127 1.118664617874852 31.85580672339349
-4.021317807536692 1.0267080878261794 31.103691945642343
-1.6585650467916238 3.4749363549525443 58.91520114847409
-1.9454827705111892 2.895002810068965 58.626966970012774
-1.2390716187458277 3.354645586216984 57.191769502814154
-1.024145531579394 3.194529705778327 57.557035709853686
-4.344445293641411 1.939533719443111 37.178160048563385
-2.062177961058992 2.5561306528364875 39.0379741356001
-0.4666590850728242 2.9509242055143248 55.44031173092995
-0.8879554930562747 3.5509223203176887 57.230918196377175
-0.22167381216098309 2.6091215884690615 52.12832972172988
-0.24843424111795848 2.8683930586634165 52.3130470113744
-0.40805166209804095 2.485350049762818 50.15998117658327
-0.8202953049823714 2.765946387968253 48.91800574243665
-0.8459316386601516 2.744575266171689 48.54965907032444
2.182776293005824 3.674001921717266 52.36741815846599
-2.1882089475122157 2.383838422239484 47.0245450805374
-1.334434296706777 2.7087712818445353 47.782044069840374
-2.414775711724494 3.043881346544718 45.730803127135154
1.243224608052399 2.014737955626471 46.08494497253776
-0.628394463075445 4.209635433187174 59.008566471599366
-1.4265567219073707 4.0871278149530275 59.31048355891591
-0.07503122185926071 3.9946794530057264 58.11864996405612
-0.43639052423023916 4.031733785040728 57.412332812950325
2.0850045067139003 2.570839414573758 47.37353234703317
-0.025353100894359853 3.515744610444895 55.7725214174618
0.61867169952831 3.6176276821183144 55.510794469439496
-4.681602143649122 1.5125365134579603 33.94138927454899
-0.9666996353094033 -0.163366800969315 1.580376534688489
-0.13519395777794904 3.6634611061972318 58.54625824031811
0.669635041403296 3.707509160589096 56.92162670353143
-0.38318649611051026 1.918741584483297 29.991525736235108
0.9660992985037788 3.603999006015721 52.01923729375024
-4.379564671315464 2.0322912282812666 37.022020496474006
0.4245601569390478 3.4242835778162237 52.40514120281829
-0.12061274537346531 3.063631164774128 46.52678222492517
-0.16871904962429884 2.9960256398808154 45.675296663298504
-3.129159202725066 2.189497088986821 44.546471139439134
-3.920601861980895 1.9019495943788955 39.48532312199417
-2.993254628858829 2.326564636515266 45.085401935432124
-3.2360376592947326 2.490563005273833 43.05548749231036
-3.579641255110043 2.2597300300872245 43.37982139759086
-4.1629791544352726 1.8191684718060115 38.53837030094936
-2.7697163764211012 1.9539094127347487 45.26003164918091
-2.9015541421926097 2.4336347087297514 44.261342901732604
-3.3102204509385427 2.4331373968035286 42.21474647314036
-4.4946081530977455 2.4274704025895666 40.423322952812875
-4.8931685938064 1.9758023941349694 38.64603542876959
-4.4061504289138265 1.5449586435699343 32.40798962211973
-3.7784590663748823 1.2950998201258392 29.948398890374158
-3.987481034418739 2.3266926623152497 36.44075401319983
-3.969632204087319 2.163951099658679 33.892913503215084
-0.9413237267510076 2.0342334152898585 41.28301577209847
-4.131430628116013 1.7209176977364973 32.970225549051186
-3.1467617686359026 2.3500806559269773 37.77572854684573
-1.758474845469469 2.8771458007996027 45.36284377622576
-1.7419283418056646 2.9874979540825777 44.6364020861019
-2.242399572645172 2.713697527093705 42.94309996568585
-1.008559846976203 2.7184144056124198 45.2431977252201
-2.05318388036288 2.812598394963345 41.56111433146681
-1.857672317703354 2.541646577544152 39.50701650292753
-2.0481250730082694 2.4089554222190426 43.37510328424558
-3.2993709515670595 1.6639694896433728 32.5258926016078
-3.343317373158303 2.084572539791145 37.65328972498384
-3.78923477274532 1.78027378936478 31.94674572559489
-0.9179373289234455 2.059520183708247 33.645398299126406
-4.141862112231594 2.155868039820302 31.56536991942362
-0.4812108035552157 0.8154747010628443 46.94674085116698
-3.473033026854459 1.5880856312514533 31.545034841603194
-3.1844458423377273 2.2774164565862067 33.10895543688642
-2.473494826578001 2.183199453694302 32.11146776074212
-2.155280112624381 2.6739777756630625 33.38583287215596
-0.14155627232437318 3.4599367616367545 60.05058790712224
2.305388378983565 3.5664744049143744 56.48902764707435
4.046972872837248 0.7002166721167387 3.818620277378102
2.1581153529282866 3.487803334974284 53.27748279446849
2.329340567985233 3.335488792491219 51.88000293832182
1.8133321706660184 3.4206065589369197 59.51405084232358
2.351097019876812 3.283408663728234 58.30417040936671
2.4502199494316317 3.326173357552932 53.00198123200579
2.7991511975964407 3.331078554418086 53.48294486694518
2.79893123849507 3.541976500261493 55.00608571051263
3.2744555378985996 3.2899833068056425 54.81445019141674
3.660707105495228 3.194158328012448 55.96756764693979
3.4465645550109807 3.3253139245678907 53.086203514730485
1.6733783449166164 3.398042500770176 49.98921886104814
0.9194536375109029 3.2893763270604612 47.67346097661447
2.7857965034553596 -0.10968678413713352 0.7713222484867817
0.8703808401724827 3.2818904258883252 46.68671795140997
-2.731013459910226 2.7117584555851337 43.75836010798561
2.6240568957718304 3.0352396860512147 50.61422503432555
2.2045853866380467 2.9108891456694286 51.77215141457863
3.3509411681618237 3.1762228972390036 52.06603310986215
2.914518075852823 2.9749423212963726 49.943499418204716
2.066943440373442 2.6914935045193076 49.31792729909509
1.9863578650936031 2.514635384048769 48.47203842771116
0.671907712521555 2.4257179045818185 46.10486241834041
1.6271778972086506 2.7021759676859842 47.753527859016145
2.5537342857677987 2.6476567775093507 58.03718292505356
3.2152987205632897 2.713293578914636 53.7701441353186
3.5141203199069606 2.7851899464842567 55.12878641135382
3.405686291897399 2.6705385798797563 50.72366623632796
1.936876478819289 2.313265236106789 46.41596079542238
0.5728523659061191 2.714793701937047 45.34274667512651
1.2234888309446328 2.247321993549312 45.2986025152216
-1.786252171829921 2.796966348059678 41.12632797668845
0.6426384108578456 2.095180456604384 44.75395403180091
-0.33599635874333167 2.6513528861853852 44.6011426310188
-0.8407241692906923 2.4223966885205814 43.20671189974498
-1.51253444941066 2.749374803525528 42.08538343790939
-1.4239968194485975 2.508989345983666 40.453139244955935
-1.7056533151176054 2.1439539154852967 39.49727957534797
-1.2982047929851241 1.8111691527789284 34.87601244513984
-1.4902597570719671 2.067101999519813 37.694611092439025
0.04089660015975137 2.6823784491612113 43.316615396101625
-0.7070478998468824 2.54560173880289 42.89216775294509
0.255865093533391 2.134649242762571 42.56769585213664
-0.8260038744561123 1.8020912253469434 40.659952296433296
-1.358025941379652 2.3941932029225996 38.52929058191071
-2.3969412194625863 1.742774177368313 35.67073320711881
-2.44226022998086 2.2739992367202784 36.042574284437855
-2.3623671539833766 2.3080955738529556 34.46905236500833
-1.2951303181530547 2.0175984885594676 30.546878145914082
-1.6782033268233614 1.704423989721732 33.119011321570525
-1.5015145691402345 1.9657584431458919 36.549909806133904
-1.743489231132116 1.9754090899562753 37.04289515069952
-1.2296588301006943 1.9462100943100704 35.66947948285993
-0.8909668580165184 1.9924657814995501 32.47959653399946
-1.4011553734526339 2.1150999835993947 31.71212923985928
0.4552440408206857 2.4774806120508286 43.81179955831582
-0.1811950422473004 1.956476526692442 41.218096288266224
-1.3549901858464517 1.8170327707800444 37.937676909412396
0.6398154935504744 1.807416509390016 43.081424276631104
-1.1757137804279143 1.7732146199840542 35.51307819682206
-1.1935875278549004 1.7567442273905323 34.076517267529546
-0.8594005168202208 1.7528674955981138 36.12830255167608
-1.0144079783518352 1.3447339024291347 34.06820646805895
-0.41402797898953403 1.6804974478756516 32.17137562645029
-0.33882170097858894 1.4404244322404236 30.675728676721576
-0.7048344324807562 1.5325272478837504 33.33007722767927
-0.05891581242755359 1.325976120095982 31.70541961114485
-0.474899164997948 2.6501730064540947 44.09511785669541
3.633914491157369 2.6956096133687706 53.799172719868224
0.9238370237700491 3.243221625643104 60.93203176853215
-4.145794856270132 1.7235349237914317 33.856400662035576
-1.2556651488548054 2.814846821332644 48.22830783002633
-1.548389494456837 3.4981529872056023 58.210400488209395
-1.1432541957453635 3.1353967940062226 57.91022431524765
-3.0006789529050977 -0.03909792013272831 30.343673819142165
-3.0040551899482297 0.27599488769763225 31.423546481361907
-1.711655926013334 0.44274406589825566 33.26025809314059
-0.47265395536907245 1.497120822980884 41.639196866319026
-1.757661631845888 2.119994330698554 47.516989550214745
-0.5017076006218539 1.9625824546868014 50.635255806781736
0.32588019200681234 1.6409354943572936 53.656687496425256
1.608976387714751 1.6624037052955247 47.303112149171966
1.6360025708915287 -0.058546019798186216 16.379111729841465
1.8840041552322953 0.5322360164795485 16.656820851270382
-2.785582880469199 -0.0561442450179131 28.783607115295453
1.8981922802759235 -0.15780596211398568 -0.16045837458667775
3.426400557480811 0.2563507795708422 2.1386776853623033
5.168264620826689 0.3746598468298483 7.846626740830508
-0.18063703235214956 0.1977042667378171 27.036305567390986
2.9418331396471054 0.56751464679178 22.440990226366598
3.7211609014534495 1.3822339323158077 2.843182469646508
1.7923784564175322 1.1277040844413955 0.6675380061770488
5.456163151982231 0.8650552128678475 7.406211122979449
5.306013828181208 1.303562387915673 10.152094117066031
0.7151784096728291 1.0332077629676275 2.729471975791526
1.9720246310552623 1.0457563967431218 24.579384478284457
0.9589404318286435 2.0113489404889258 23.11826851489803
0.45827877740315576 2.104129745643414 26.40236352207134
1.179869136018689 1.4905482581521472 20.620689907294743
1.2450535836193233 1.2118947015209232 17.85254279173283
-2.04183993549459 1.132192091310626 24.337791738204547
-1.6403081691073857 3.4231799920935484 59.25046697992333
0.02656321994010502 2.73236942285668 60.52465529976234
-0.6050448420964373 3.3174611611223583 59.99515647030623
-0.5358887335857125 3.140844958623071 60.2462800272007
