3.556686046511627453e+00 5.886627906976744651e-01 1.000000000000000000e+01
3.890019379844960934e+00 5.886627906976744651e-01 1.000000000000000000e+01
4.223352713178294415e+00 5.886627906976744651e-01 1.000000000000000000e+01
4.556686046511627453e+00 5.886627906976744651e-01 1.000000000000000000e+01
4.890019379844960490e+00 5.886627906976744651e-01 1.000000000000000000e+01
5.223352713178293527e+00 5.886627906976744651e-01 1.000000000000000000e+01
5.556686046511627453e+00 5.886627906976744651e-01 1.000000000000000000e+01
5.890019379844960490e+00 5.886627906976744651e-01 1.000000000000000000e+01
6.223352713178293527e+00 5.886627906976744651e-01 1.000000000000000000e+01
6.556686046511627453e+00 5.886627906976744651e-01 1.000000000000000000e+01
