-6.476 -190.2165 1742.4956
-6.318234752018685 -190.30194991427146 1742.5839653703686
-6.1604695040373825 -190.3873998285429 1742.6723307407374
-6.002704256056056 -190.47284974281436 1742.760696111106
-5.843758366617614 -190.55773937574526 1742.847471421255
-5.684812477179182 -190.64262900867615 1742.934246731404
-5.525866587740771 -190.72751864160705 1743.0210220415534
-5.366920698302334 -190.81240827453797 1743.1077973517024
-5.206304283632939 -190.89643880536465 1743.1923031930849
-5.045687868963531 -190.98046933619133 1743.276809034467
-4.885071454294135 -191.064499867018 1743.3613148758495
-4.724455039624715 -191.14853039784467 1743.4458207172318
-4.5620183178229015 -191.23152175680065 1743.5278374578943
-4.399581596021094 -191.3145131157566 1743.609854198557
-4.237144874219277 -191.39750447471258 1743.6918709392196
-4.074708152417471 -191.48049583366853 1743.7738876798824
-3.91227143061564 -191.5634871926245 1743.855904420545
-3.7475546226434187 -191.64499445636844 1743.9348027039762
-3.582837814671206 -191.72650172011237 1744.0137009874077
-3.4181210066989847 -191.80800898385633 1744.092599270839
-3.253404198726775 -191.88951624760026 1744.1714975542704
-3.0886873907545453 -191.9710235113442 1744.2503958377017
-2.92161856577631 -192.05078225584805 1744.3260698120625
-2.754549740798075 -192.13054100035188 1744.4017437864234
-2.58748091581984 -192.21029974485575 1744.4774177607842
-2.420412090841603 -192.29005848935958 1744.553091735145
-2.253343265863366 -192.36981723386344 1744.6287657095058
-2.084052346816303 -192.4475717180174 1744.7015312571375
-1.9147614277692486 -192.52532620217136 1744.7742968047694
-1.7454705087221856 -192.6030806863253 1744.847062352401
-1.5761795896751396 -192.68083517047927 1744.919827900033
-1.406888670628075 -192.75858965463325 1744.9925934476646
-1.2358562968912545 -192.83438082703992 1745.063329756016
-1.0648239231544312 -192.9101719994466 1745.1340660643673
-0.893791549417603 -192.98596317185326 1745.2048023727186
-0.7227591756807648 -193.06175434425995 1745.27553868107
-0.551184688876118 -193.13637134647234 1745.3462104467092
-0.3796102020714699 -193.21098834868474 1745.4168822123484
-0.20803571526681933 -193.28560535089713 1745.4875539779875
-0.03646122846216415 -193.36022235310952 1745.5582257436267
0.13450247939445775 -193.43453722351683 1745.6306737293287
0.3054661872510851 -193.50885209392413 1745.7031217150306
0.47642989510772127 -193.58316696433144 1745.7755697007326
0.6473936029643743 -193.65748183473875 1745.8480176864343
0.8163956098572576 -193.73271655363283 1745.924031229564
0.9853976167501497 -193.8079512725269 1746.0000447726934
1.1543996236430305 -193.883185991421 1746.076058315823
1.3234016305359289 -193.95842071031507 1746.1520718589525
1.4894431817961022 -194.03564809412939 1746.2324841368975
1.655484733056273 -194.1128754779437 1746.3128964148425
1.8215262843164395 -194.19010286175802 1746.3933086927875
1.9875678355765978 -194.26733024557234 1746.4737209707325
2.1504869604764543 -194.34715492638568 1746.557895664524
2.313406085376301 -194.42697960719903 1746.6420703583158
2.47632521027616 -194.50680428801238 1746.7262450521073
2.6392443351760013 -194.58662896882572 1746.810419745899
2.799870360068133 -194.6688977469735 1746.8966237380887
2.9604963849602703 -194.75116652512128 1746.9828277302784
3.121122409852416 -194.83343530326906 1747.069031722468
3.2817484347445776 -194.91570408141683 1747.1552357146575
3.442374459636709 -194.9979728595646 1747.2414397068471
3.601964614199342 -195.0824009370123 1747.327479710945
3.7615547687619744 -195.16682901445998 1747.4135197150429
3.9211449233246047 -195.25125709190763 1747.4995597191407
4.080735077887226 -195.3356851693553 1747.5855997232386
4.241248861969399 -195.42072885426012 1747.6692830356576
4.401762646051564 -195.50577253916495 1747.7529663480766
4.5622764301337195 -195.59081622406975 1747.8366496604958
4.722790214215888 -195.6758599089746 1747.9203329729148
4.8833039982980315 -195.7609035938794 1748.004016285334
5.046414338279168 -195.8453576229184 1748.083152458923
5.209524678260297 -195.92981165195744 1748.162288632512
5.3726350182414135 -196.01426568099646 1748.2414248061011
5.535745358222549 -196.0987197100355 1748.32056097969
5.701957329994122 -196.18136903649818 1748.3950100849572
5.868169301765699 -196.26401836296085 1748.4694591902244
6.034381273537281 -196.34666768942353 1748.5439082954915
6.200593245308871 -196.42931701588623 1748.6183574007587
6.366805217080486 -196.51196634234893 1748.6928065060256
6.537022621890802 -196.5913418750897 1748.7615492140153
6.707240026701118 -196.6707174078305 1748.830291922005
6.877457431511435 -196.75009294057128 1748.8990346299947
7.047674836321754 -196.82946847331206 1748.9677773379844
7.2209111903541405 -196.90550318072047 1749.0326455806837
7.394147544386532 -196.98153788812888 1749.097513823383
7.56738389841893 -197.0575725955373 1749.1623820660823
7.7406202524513406 -197.1336073029457 1749.2272503087813
7.913856606483732 -197.20964201035412 1749.2921185514806
8.0895136362706 -197.28211904003018 1749.3545019471544
8.265170666057474 -197.35459606970625 1749.4168853428282
8.44082769584435 -197.4270730993823 1749.479268738502
8.616484725631237 -197.49955012905838 1749.5416521341758
8.792319659707152 -197.5707348802346 1749.605014640112
8.968154593783067 -197.6419196314108 1749.668377146048
9.143989527858981 -197.713104382587 1749.731739651984
9.319824461934896 -197.7842891337632 1749.7951021579202
9.495659396010808 -197.8554738849394 1749.8584646638562
9.668917616789603 -197.9285218390542 1749.92662319474
9.842175837568407 -198.001569793169 1749.9947817256234
10.015434058347198 -198.07461774728378 1750.062940256507
10.188692279126006 -198.14766570139858 1750.1310987873906
10.356393441938629 -198.22678315589147 1750.2060437564403
10.524094604751255 -198.30590061038438 1750.28098872549
10.691795767563892 -198.3850180648773 1750.3559336945398
10.859496930376555 -198.46413551937022 1750.4308786635893
11.018199827345668 -198.553685401309 1750.5133056563668
11.176902724314774 -198.64323528324778 1750.5957326491443
11.335605621283865 -198.73278516518656 1750.678159641922
11.494308518252977 -198.82233504712536 1750.7605866346996
11.640386064784634 -198.92642336477573 1750.8490568134494
11.786463611316291 -199.0305116824261 1750.937526992199
11.93254115784795 -199.1346000000765 1751.0259971709488
12.078618704379618 -199.23868831772688 1751.1144673496985
12.208570046812902 -199.36066025699412 1751.2052169757649
12.338521389246187 -199.48263219626133 1751.2959666018312
12.46847273167947 -199.60460413552858 1751.3867162278975
12.598424074112755 -199.7265760747958 1751.4774658539638
12.709069623231313 -199.86860983649424 1751.5645518631618
12.819715172349866 -200.01064359819267 1751.65163787236
12.93036072146843 -200.15267735989113 1751.738723881558
13.04100627058698 -200.29471112158956 1751.825809890756
13.129488613532034 -200.45732678104793 1751.9014869829696
13.217970956477092 -200.6199424405063 1751.9771640751828
13.306453299422142 -200.78255809996466 1752.0528411673963
13.394935642367201 -200.94517375942306 1752.1285182596096
13.45906817877502 -201.1263364513838 1752.1838996356798
13.523200715182838 -201.30749914334453 1752.23928101175
13.587333251590655 -201.48866183530527 1752.2946623878204
13.65146578799847 -201.66982452726597 1752.3500437638907
13.690452624568092 -201.86417312338781 1752.3766642402156
13.729439461137714 -202.05852171950966 1752.4032847165404
13.768426297707334 -202.2528703156315 1752.4299051928654
13.789023616884863 -202.45180685977783 1752.4298622299307
13.809620936062393 -202.65074340392417 1752.429819266996
13.830218255239922 -202.8496799480705 1752.4297763040613
13.850815574417451 -203.04861649221684 1752.4297333411266
13.852436255970423 -203.2459987325028 1752.3975211600302
13.854056937523394 -203.4433809727888 1752.3653089789336
13.855677619076365 -203.64076321307476 1752.3330967978372
13.857298300629337 -203.83814545336074 1752.3008846167406
13.844602761251672 -204.02818347701265 1752.2398569767208
13.831907221874006 -204.21822150066455 1752.178829336701
13.819211682496341 -204.40825952431646 1752.1178016966812
13.806516143118674 -204.59829754796837 1752.0567740566614
13.784657252040619 -204.7788759905728 1751.9736259060662
13.762798360962563 -204.95945443317726 1751.890477755471
13.740939469884506 -205.1400328757817 1751.8073296048758
13.719080578806446 -205.3206113183862 1751.7241814542808
13.69722168772839 -205.50118976099066 1751.6410333036856
13.668861696748976 -205.67101327677 1751.539270420472
13.640501705769566 -205.84083679254934 1751.4375075372582
13.612141714790157 -206.01066030832865 1751.3357446540442
13.583781723810745 -206.180483824108 1751.2339817708305
13.552707933733743 -206.34435928699293 1751.1236221213453
13.52163414365674 -206.50823474987786 1751.0132624718601
13.490560353579738 -206.6721102127628 1750.902902822375
13.459486563502738 -206.83598567564772 1750.7925431728897
13.426345976491271 -206.99656207043057 1750.6780140371598
13.393205389479807 -207.15713846521342 1750.5634849014298
13.360064802468345 -207.31771485999624 1750.4489557656996
13.32692421545688 -207.4782912547791 1750.3344266299696
13.293783628445421 -207.6388676495619 1750.2198974942394
13.257690911557493 -207.79817081129175 1750.1044859763977
13.221598194669562 -207.95747397302165 1749.989074458556
13.185505477781629 -208.11677713475154 1749.8736629407142
13.149412760893687 -208.27608029648147 1749.7582514228727
13.109429371720582 -208.43610445983106 1749.6451426445462
13.069445982547474 -208.59612862318065 1749.5320338662198
13.029462593374365 -208.75615278653024 1749.4189250878933
12.989479204201253 -208.91617694987985 1749.3058163095668
12.949495815028131 -209.0762011132295 1749.1927075312406
12.902695686036072 -209.23753316146187 1749.0841639080309
12.855895557044011 -209.39886520969426 1748.9756202848212
12.809095428051945 -209.56019725792666 1748.8670766616115
12.76229529905987 -209.72152930615908 1748.758533038402
12.707686529234156 -209.88297447963464 1748.6538748413052
12.653077759408445 -210.0444196531102 1748.5492166442084
12.59846898958274 -210.20586482658572 1748.4445584471114
12.543860219757025 -210.36731000006128 1748.3399002500146
12.480077434350468 -210.52699999717433 1748.2377686627958
12.416294648943909 -210.68668999428738 1748.135637075577
12.352511863537346 -210.84637999140043 1748.0335054883583
12.28872907813078 -211.0060699885135 1747.9313739011395
12.224946292724201 -211.1657599856266 1747.829242313921
12.149006510657498 -211.32035475733696 1747.7275879679269
12.073066728590794 -211.4749495290473 1747.6259336219327
11.997126946524087 -211.62954430075766 1747.5242792759386
11.921187164457375 -211.78413907246804 1747.4226249299445
11.835186719277983 -211.9316542230676 1747.3184942247105
11.749186274098594 -212.07916937366716 1747.2143635194766
11.663185828919211 -212.22668452426672 1747.1102328142426
11.577185383739836 -212.37419967486625 1747.0061021090085
11.481827755935084 -212.51247336362835 1746.8975327311177
11.38647012813033 -212.65074705239044 1746.788963353227
11.291112500325575 -212.78902074115254 1746.6803939753363
11.195754872520817 -212.92729442991464 1746.5718245974456
11.100397244716055 -213.06556811867677 1746.4632552195549
10.99496856760725 -213.19039091764458 1746.3479119800436
10.889539890498437 -213.3152137166124 1746.2325687405325
10.784111213389636 -213.4400365155802 1746.1172255010213
10.678682536280812 -213.56485931454802 1746.0018822615102
10.56639304982671 -213.6773432587544 1745.8804803112473
10.45410356337261 -213.78982720296077 1745.7590783609844
10.34181407691852 -213.90231114716713 1745.6376764107215
10.229524590464445 -214.0147950913735 1745.5162744604586
10.111576590632232 -214.11487720103355 1745.3894996969543
9.993628590800022 -214.21495931069362 1745.26272493345
9.875680590967814 -214.31504142035368 1745.1359501699458
9.757732591135612 -214.41512353001374 1745.0091754064415
9.639784591303421 -214.51520563967378 1744.8824006429372
9.51620365507138 -214.60109833156653 1744.7506804938353
9.392622718839332 -214.6869910234593 1744.6189603447333
9.269041782607273 -214.7728837153521 1744.4872401956313
9.145460846375189 -214.85877640724487 1744.3555200465296
9.017953516657228 -214.9349277125256 1744.2215690869502
8.89044618693927 -215.0110790178063 1744.087618127371
8.76293885722132 -215.08723032308703 1743.9536671677915
8.635431527503378 -215.16338162836774 1743.8197162082122
8.504455303156442 -215.23256579659756 1743.6853332497608
8.373479078809515 -215.30174996482737 1743.5509502913094
8.2425028544626 -215.37093413305715 1743.416567332858
8.111526630115709 -215.44011830128693 1743.2821843744064
7.980550405768779 -215.5093024695167 1743.147801415955
7.845738053978422 -215.57372482445984 1743.014852591258
7.710925702188076 -215.63814717940298 1742.881903766561
7.576113350397749 -215.7025695343461 1742.748954941864
7.441300998607462 -215.76699188928922 1742.6160061171668
7.303961292724083 -215.83143623977088 1742.4856806366233
7.166621586840698 -215.89588059025255 1742.35535515608
7.029281880957302 -215.9603249407342 1742.2250296755365
6.8919421750738845 -216.0247692912159 1742.094704194993
6.753013519635509 -216.09187984343646 1741.9674446080114
6.614084864197137 -216.158990395657 1741.8401850210298
6.47515620875877 -216.22610094787757 1741.7129254340482
6.336227553320415 -216.29321150009812 1741.5856658470666
6.196906435650796 -216.3645932708892 1741.4611898695848
6.057585317981164 -216.43597504168028 1741.3367138921033
5.918264200311548 -216.50735681247136 1741.2122379146215
5.778943082641909 -216.57873858326246 1741.08776193714
5.640520310063438 -216.65486394660584 1740.9651076869586
5.5020975374849606 -216.73098930994925 1740.8424534367773
5.363674764906473 -216.80711467329266 1740.719799186596
5.225251992327968 -216.88324003663607 1740.5971449364147
5.0868292197494265 -216.95936539997948 1740.4744906862336
4.950906868751219 -217.04057772611748 1740.3523036468948
4.814984517753013 -217.12179005225548 1740.230116607556
4.679062166754807 -217.20300237839348 1740.1079295682173
4.5431398157566045 -217.28421470453148 1739.9857425288785
4.410288482013941 -217.36809709968531 1739.8619917029982
4.277437148271278 -217.45197949483915 1739.738240877118
4.1445858145286145 -217.535861889993 1739.6144900512377
4.011734480785951 -217.61974428514682 1739.4907392253574
3.8788831470432883 -217.70362668030066 1739.3669883994771
3.7503714114369857 -217.78857315255144 1739.239439073083
3.621859675830696 -217.8735196248022 1739.1118897466888
3.49334794022439 -217.958466097053 1738.9843404202948
3.364836204618114 -218.04341256930377 1738.8567910939005
3.2401074775046093 -218.12691075848494 1738.724613951262
3.115378750391116 -218.2104089476661 1738.5924368086232
2.990650023277608 -218.2939071368473 1738.4602596659847
2.8659212961641183 -218.37740532602848 1738.328082523346
2.7448671533435065 -218.45753425445673 1738.190513452204
2.6238130105229045 -218.53766318288498 1738.052944381062
2.5027588677023163 -218.61779211131324 1737.9153753099197
2.381704724881709 -218.69792103974152 1737.7778062387777
2.260650582061129 -218.77804996816977 1737.6402371676354
2.143779794302381 -218.85203427909988 1737.4957811511292
2.0269090065436375 -218.92601859003003 1737.351325134623
1.9100382187848983 -219.00000290096014 1737.2068691181169
1.7931674310261707 -219.07398721189026 1737.0624131016107
1.6792467439505734 -219.1413194583587 1736.912451621084
1.565326056874978 -219.20865170482716 1736.7624901405575
1.4514053697993858 -219.27598395129561 1736.6125286600309
1.3374846827237985 -219.34331619776407 1736.4625671795043
1.2235639956482225 -219.4106484442325 1736.3126056989777
1.1124939119076227 -219.46935439284712 1736.1569874221104
1.0014238281670154 -219.52806034146178 1736.0013691452432
0.8903537444263944 -219.58676629007644 1735.845750868376
0.7792836606857457 -219.6454722386911 1735.6901325915087
0.6697230554389274 -219.6978091092642 1735.5312070562522
0.5601624501921143 -219.7501459798373 1735.3722815209958
0.45060184494530925 -219.8024828504104 1735.2133559857393
0.34104123969851874 -219.8548197209835 1735.0544304504829
0.23244104333063276 -219.90245987101744 1734.8933825897284
0.12384084696274887 -219.9501000210514 1734.732334728974
0.015240650594866775 -219.99774017108535 1734.5712868682194
-0.09335954577301032 -220.0453803211193 1734.410239007465
-0.20126887678714123 -220.09051787701853 1734.2480102266413
-0.3091782078012699 -220.13565543291773 1734.0857814458177
-0.41708753881539445 -220.18079298881693 1733.923552664994
-0.5249968698295123 -220.22593054471616 1733.7613238841705
-0.6329062008436189 -220.27106810061537 1733.5990951033468
-0.7399089135813127 -220.31604731300084 1733.4362230986317
-0.8469116263189972 -220.3610265253863 1733.2733510939165
-0.9539143390566678 -220.40600573777178 1733.1104790892014
-1.060917051794312 -220.45098495015725 1732.9476070844862
-1.1666723464582052 -220.49845136267265 1732.784626234895
-1.2724276411220892 -220.54591777518806 1732.621645385304
-1.3781829357859599 -220.59338418770346 1732.4586645357128
-1.4839382304498079 -220.64085060021887 1732.2956836861217
-1.58771992738609 -220.69231397795656 1732.1326472480691
-1.6915016243223786 -220.74377735569425 1731.9696108100165
-1.7952833212586763 -220.79524073343194 1731.806574371964
-1.8990650181949882 -220.84670411116966 1731.6435379339114
-2.0028467151313323 -220.89816748890738 1731.4805014958588
-2.103227664759849 -220.95536452138822 1731.317246589571
-2.203608614388366 -221.0125615538691 1731.153991683283
-2.303989564016885 -221.06975858634996 1730.9907367769952
-2.4043705136454063 -221.1269556188308 1730.8274818707073
-2.501138727447468 -221.18894816516388 1730.663796694235
-2.5979069412495406 -221.25094071149695 1730.5001115177631
-2.694675155051598 -221.31293325783003 1730.336426341291
-2.7914433688536753 -221.3749258041631 1730.172741164819
-2.8882115826557095 -221.43691835049617 1730.0090559883467
-2.9801570647249562 -221.50376491030138 1729.8445033652463
-3.0721025467941967 -221.5706114701066 1729.6799507421458
-3.1640480288634274 -221.63745802991178 1729.5153981190454
-3.2559935109326372 -221.70430458971697 1729.350845495945
-3.3441217603399327 -221.77354469019593 1729.1851976159644
-3.432250009747218 -221.8427847906749 1729.0195497359837
-3.5203782591545183 -221.91202489115386 1728.8539018560032
-3.6085065085617973 -221.9812649916328 1728.6882539760225
-3.6934883359432744 -222.05130962630201 1728.5213053666573
-3.7784701633247497 -222.12135426097123 1728.3543567572922
-3.863451990706222 -222.19139889564045 1728.187408147927
-3.9484338180876897 -222.26144353030966 1728.020459538562
-4.033415645469148 -222.33148816497888 1727.8535109291968
-4.115883880181103 -222.4005217518574 1727.6848890025497
-4.198352114893061 -222.46955533873594 1727.5162670759025
-4.2808203496050234 -222.5385889256145 1727.3476451492554
-4.3632885843169955 -222.60762251249307 1727.1790232226083
-4.445330119261603 -222.67420451833948 1727.0092114943873
-4.527371654206212 -222.7407865241859 1726.8393997661663
-4.609413189150826 -222.8073685300323 1726.6695880379452
-4.691454724095444 -222.87395053587872 1726.4997763097242
-4.774504884975952 -222.93739680900774 1726.3292558088929
-4.857555045856463 -223.00084308213675 1726.1587353080615
-4.940605206736978 -223.0642893552658 1725.9882148072302
-5.023655367617503 -223.12773562839484 1725.8176943063988
-5.106705528498047 -223.1911819015239 1725.6471738055675
-5.192566689473592 -223.25072202400227 1725.4766369038389
-5.278427850449138 -223.31026214648065 1725.3061000021103
-5.364289011424686 -223.36980226895903 1725.1355631003817
-5.450150172400237 -223.42934239143742 1724.965026198653
-5.539314101773306 -223.48664444002478 1724.795419981413
-5.628478031146383 -223.54394648861214 1724.625813764173
-5.717641960519468 -223.6012485371995 1724.456207546933
-5.80680588989257 -223.65855058578688 1724.286601329693
-5.8995912540357764 -223.71506993819233 1724.1186833765
-5.992376618178992 -223.77158929059777 1723.950765423307
-6.085161982322219 -223.82810864300325 1723.7828474701141
-6.177947346465468 -223.88462799540872 1723.6149295169214
-6.27422313462923 -223.94207447370226 1723.4493068290278
-6.370498922792984 -223.9995209519958 1723.2836841411342
-6.466774710956729 -224.05696743028935 1723.1180614532407
-6.563050499120461 -224.11441390858286 1722.952438765347
-6.659326287284163 -224.17186038687638 1722.7868160774533
-6.7592935442473125 -224.232451968926 1722.6245348163047
-6.859260801210456 -224.29304355097563 1722.4622535551562
-6.959228058173591 -224.35363513302525 1722.2999722940076
-7.0591953151367095 -224.41422671507485 1722.137691032859
-7.161444248547569 -224.47910962367123 1721.9785201693555
-7.263693181958439 -224.54399253226762 1721.8193493058523
-7.365942115369296 -224.608875440864 1721.6601784423488
-7.468191048780175 -224.6737583494604 1721.5010075788455
-7.570439982191017 -224.73864125805676 1721.341836715342
-7.674507919033955 -224.80970454587523 1721.186530972867
-7.778575855876888 -224.8807678336937 1721.0312252303922
-7.882643792719812 -224.95183112151219 1720.8759194879174
-7.986711729562723 -225.02289440933063 1720.7206137454425
-8.091422763278487 -225.09921461607843 1720.5682627511558
-8.196133796994255 -225.17553482282622 1720.415911756869
-8.300844830710025 -225.25185502957402 1720.2635607625823
-8.405555864425802 -225.3281752363218 1720.1112097682956
-8.510345336471378 -225.40915062649162 1719.9613359789419
-8.615134808516949 -225.4901260166614 1719.8114621895882
-8.71992428056251 -225.5711014068312 1719.6615884002345
-8.824713752608057 -225.65207679700097 1719.5117146108807
-8.929503224653573 -225.73305218717073 1719.3618408215268
-9.033974409048714 -225.8183021014892 1719.2141308904465
-9.138445593443842 -225.90355201580763 1719.066420959366
-9.242916777838985 -225.9888019301261 1718.9187110282858
-9.347387962234102 -226.07405184444454 1718.7710010972053
-9.451343125848519 -226.16103037135997 1718.6239362821966
-9.55529828946294 -226.2480088982754 1718.476871467188
-9.659253453077365 -226.33498742519083 1718.3298066521793
-9.7632086166918 -226.42196595210626 1718.1827418371706
-9.866584847041631 -226.5089693501363 1718.0352841695847
-9.969961077391465 -226.59597274816636 1717.8878265019987
-10.073337307741303 -226.68297614619644 1717.7403688344127
-10.176713538091152 -226.76997954422652 1717.5929111668268
-10.28008976844102 -226.85698294225662 1717.4454534992408
-10.382537053206251 -226.94220431088885 1717.2963164073667
-10.484984337971476 -227.0274256795211 1717.1471793154926
-10.587431622736688 -227.11264704815332 1716.9980422236185
-10.689878907501875 -227.19786841678552 1716.8489051317442
-10.791369029318632 -227.28024843064463 1716.6975337722004
-10.89285915113538 -227.3626284445037 1716.5461624126563
-10.994349272952139 -227.44500845836282 1716.3947910531124
-11.095839394768877 -227.5273884722219 1716.2434196935683
-11.1960378374306 -227.60644420407706 1716.0894376707572
-11.296236280092318 -227.68549993593223 1715.9354556479461
-11.396434722754027 -227.7645556677874 1715.781473625135
-11.496633165415725 -227.84361139964255 1715.627491602324
-11.596831608077395 -227.9226671314977 1715.473509579513
-11.695066978563734 -227.99771801697003 1715.3162926065893
-11.793302349050084 -228.07276890244236 1715.1590756336657
-11.89153771953645 -228.14781978791473 1715.0018586607423
-11.989773090022792 -228.22287067338706 1714.8446416878187
-12.086099251824928 -228.2952362689519 1714.6850030611301
-12.18242541362706 -228.36760186451673 1714.5253644344416
-12.278751575429187 -228.43996746008156 1714.365725807753
-12.375077737231306 -228.51233305564637 1714.2060871810645
-12.469399848305565 -228.58286338376803 1714.0444430899954
-12.563721959379828 -228.6533937118897 1713.8827989989263
-12.658044070454093 -228.72392404001138 1713.7211549078572
-12.752366181528364 -228.79445436813307 1713.5595108167881
-12.84668829260265 -228.86498469625474 1713.397866725719
-12.938770765315772 -228.93424975993514 1713.2343944981928
-13.030853238028891 -229.00351482361555 1713.0709222706666
-13.122935710742006 -229.07277988729595 1712.9074500431404
-13.215018183455113 -229.14204495097636 1712.7439778156142
-13.305635415872768 -229.21102560726047 1712.5795692201955
-13.396252648290421 -229.28000626354458 1712.4151606247767
-13.486869880708072 -229.3489869198287 1712.250752029358
-13.577487113125718 -229.41796757611277 1712.0863434339392
-13.667236279132341 -229.48686921537697 1711.9214263295873
-13.756985445138959 -229.55577085464117 1711.7565092252355
-13.846734611145568 -229.62467249390536 1711.5915921208837
-13.936483777152162 -229.69357413316953 1711.4266750165318
-14.026232943158726 -229.7624757724337 1711.2617579121797
-14.11569230925483 -229.8310733450082 1711.0965568381682
-14.205151675350933 -229.8996709175827 1710.9313557641567
-14.29461104144703 -229.96826849015721 1710.7661546901452
-14.384070407543122 -230.03686606273172 1710.6009536161337
-14.474041646587708 -230.10449725713812 1710.435632118173
-14.56401288563229 -230.1721284515445 1710.2703106202125
-14.653984124676862 -230.23975964595087 1710.104989122252
-14.743955363721422 -230.30739084035724 1709.9396676242914
-14.834798841717484 -230.37316838484475 1709.7740754229449
-14.925642319713548 -230.43894592933225 1709.6084832215984
-15.016485797709613 -230.50472347381978 1709.4428910202519
-15.107329275705684 -230.5705010183073 1709.2772988189054
-15.198172753701765 -230.63627856279484 1709.1117066175589
-15.290215979318658 -230.69859969260878 1708.9454414035279
-15.382259204935558 -230.76092082242272 1708.7791761894969
-15.474302430552468 -230.82324195223666 1708.6129109754659
-15.566345656169396 -230.8855630820506 1708.4466457614349
-15.658999012003717 -230.94405280845737 1708.279330766418
-15.751652367838028 -231.00254253486415 1708.1120157714013
-15.84430572367233 -231.06103226127092 1707.9447007763845
-15.93695907950661 -231.1195219876777 1707.7773857813677
-16.02951824576438 -231.17373489754902 1707.6085848301116
-16.122077412022154 -231.22794780742035 1707.4397838788555
-16.214636578279936 -231.28216071729167 1707.2709829275993
-16.30719574453773 -231.336373627163 1707.1021819763432
-16.399754910795547 -231.39058653703435 1706.933381025087
-16.491057632556945 -231.43962075952814 1706.762327062773
-16.582360354318332 -231.48865498202193 1706.5912731004587
-16.673663076079734 -231.53768920451574 1706.4202191381446
-16.76496579784111 -231.58672342700953 1706.2491651758303
-16.854118251964902 -231.63198559252226 1706.075950926137
-16.94327070608869 -231.67724775803498 1705.9027366764437
-17.03242316021248 -231.72250992354768 1705.7295224267505
-17.12157561433627 -231.7677720890604 1705.5563081770572
-17.206833751673138 -231.8096305295403 1705.3802998790186
-17.292091889010006 -231.8514889700202 1705.20429158098
-17.377350026346875 -231.8933474105001 1705.0282832829414
-17.462608163683747 -231.93520585098 1704.8522749849028
-17.54786630102062 -231.9770642914599 1704.6762666868642
-17.633124438357495 -232.0189227319398 1704.5002583888256
-17.715774309224173 -232.0593561597792 1704.32267985195
-17.798424180090862 -232.09978958761863 1704.1451013150743
-17.881074050957572 -232.14022301545808 1703.9675227781986
-17.959902836369903 -232.1797304741474 1703.7880090369465
-18.038731621782233 -232.2192379328367 1703.6084952956944
-18.11756040719456 -232.25874539152602 1703.4289815544423
-18.196389192606887 -232.29825285021533 1703.2494678131902
-18.272334148124028 -232.33783736849264 1703.0687320125191
-18.348279103641158 -232.37742188676995 1702.887996211848
-18.424224059158277 -232.41700640504726 1702.7072604111768
-18.50016901467541 -232.4565909233246 1702.5265246105057
-18.57611397019252 -232.4961754416019 1702.3457888098344
-18.649769021065886 -232.5363381478099 1702.164234711806
-18.72342407193925 -232.57650085401787 1701.9826806137778
-18.7970791228126 -232.61666356022585 1701.8011265157495
-18.87073417368594 -232.6568262664338 1701.6195724177212
-18.943852513294036 -232.6973459627592 1701.4378807486148
-19.016970852902134 -232.73786565908458 1701.2561890795084
-19.090089192510234 -232.77838535540994 1701.074497410402
-19.16320753211834 -232.81890505173533 1700.8928057412957
-19.237000202062934 -232.85908324344186 1700.71131096238
-19.310792872007536 -232.8992614351484 1700.5298161834642
-19.38458554195215 -232.93943962685495 1700.3483214045484
-19.45837821189678 -232.9796178185615 1700.166826625633
-19.532170881841378 -233.01979601026804 1699.9853318467171
-19.607859647690557 -233.05816655455382 1699.8042271475638
-19.683548413539736 -233.0965370988396 1699.6231224484104
-19.75923717938891 -233.1349076431254 1699.442017749257
-19.834925945238076 -233.17327818741114 1699.2609130501037
-19.912648351640332 -233.2085042310484 1699.0800308967753
-19.99037075804259 -233.2437302746857 1698.8991487434469
-20.068093164444857 -233.27895631832297 1698.7182665901184
-20.145815570847134 -233.31418236196026 1698.53738443679
-20.225238249217515 -233.3447968447358 1698.3564015878655
-20.304660927587886 -233.37541132751136 1698.175418738941
-20.384083605958246 -233.4060258102869 1697.9944358900166
-20.463506284328584 -233.43664029306245 1697.8134530410919
-20.542928962698962 -233.46725477583803 1697.6324701921674
-20.623315760164356 -233.4906252032621 1697.4508337808527
-20.70370255762975 -233.5139956306862 1697.269197369538
-20.784089355095148 -233.5373660581103 1697.0875609582233
-20.86447615256055 -233.5607364855344 1696.9059245469086
-20.944102516379587 -233.57702457008332 1696.7231833624792
-21.02372888019862 -233.59331265463229 1696.5404421780497
-21.103355244017656 -233.60960073918122 1696.3577009936203
-21.182981607836687 -233.62588882373018 1696.1749598091908
-21.260336303331073 -233.63461395175702 1695.9907313552922
-21.337690998825458 -233.64333907978386 1695.8065029013935
-21.41504569431984 -233.6520642078107 1695.6222744474949
-21.49240038981422 -233.66078933583753 1695.4380459935962
-21.5697550853086 -233.66951446386437 1695.2538175396976
-21.642466836268007 -233.66882442622912 1695.067504563444
-21.715178587227424 -233.66813438859387 1694.8811915871902
-21.787890338186855 -233.66744435095862 1694.6948786109365
-21.860602089146308 -233.6667543133234 1694.5085656346828
-21.92810263210522 -233.65871555100426 1694.320472426404
-21.995603175064126 -233.6506767886851 1694.1323792181252
-22.06310371802303 -233.64263802636597 1693.9442860098463
-22.130604260981926 -233.6345992640468 1693.7561928015675
-22.192217655879883 -233.61990966191533 1693.566487753774
-22.253831050777833 -233.60522005978385 1693.3767827059805
-22.315444445675777 -233.59053045765236 1693.187077658187
-22.377057840573706 -233.57584085552088 1692.9973726103935
-22.43867123547161 -233.5611512533894 1692.8076675626
-22.49276407763422 -233.5393790137967 1692.6163564703709
-22.546856919796834 -233.51760677420398 1692.4250453781417
-22.60094976195946 -233.49583453461128 1692.2337342859125
-22.655042604122098 -233.47406229501857 1692.0424231936834
-22.703210156704383 -233.44770120945373 1691.8501083995409
-22.751377709286665 -233.42134012388888 1691.6577936053984
-22.799545261868943 -233.39497903832404 1691.465478811256
-22.847712814451217 -233.3686179527592 1691.2731640171135
-22.890540130829944 -233.3387634032697 1691.0800978967127
-22.933367447208674 -233.3089088537802 1690.887031776312
-22.976194763587408 -233.2790543042907 1690.6939656559111
-23.01902207996615 -233.2491997548012 1690.5008995355104
-23.061849396344904 -233.21934520531167 1690.3078334151096
-23.09883114275006 -233.18643561754152 1690.1140569731317
-23.13581288915522 -233.1535260297714 1689.9202805311538
-23.172794635560372 -233.12061644200125 1689.726504089176
-23.209776381965522 -233.08770685423113 1689.532727647198
-23.24246785125572 -233.05347894211081 1689.3384090483262
-23.275159320545917 -233.0192510299905 1689.1440904494543
-23.307850789836113 -232.98502311787018 1688.9497718505825
-23.34054225912631 -232.95079520574987 1688.7554532517106
-23.36914259289571 -232.91608608409402 1688.5605756034743
-23.397742926665106 -232.88137696243817 1688.365697955238
-23.4263432604345 -232.84666784078235 1688.1708203070016
-23.45494359420389 -232.81195871912652 1687.9759426587652
-23.483543927973273 -232.7772495974707 1687.781065010529
-23.50694761374573 -232.74293284144545 1687.5854259864357
-23.530351299518184 -232.7086160854202 1687.3897869623424
-23.553754985290638 -232.67429932939496 1687.1941479382492
-23.577158671063085 -232.6399825733697 1686.998508914156
-23.5958361280069 -232.60669418490164 1686.8021851107208
-23.614513584950714 -232.57340579643358 1686.6058613072855
-23.633191041894523 -232.5401174079655 1686.4095375038503
-23.65186849883833 -232.50682901949745 1686.213213700415
-23.665305004920167 -232.4749719055823 1686.0162249073396
-23.67874151100201 -232.44311479166714 1685.8192361142642
-23.69217801708385 -232.411257677752 1685.6222473211888
-23.705614523165693 -232.37940056383684 1685.4252585281133
-23.719051029247535 -232.34754344992166 1685.2282697350379
-23.725689023186995 -232.31758978610623 1685.0306369567331
-23.73232701712645 -232.2876361222908 1684.8330041784284
-23.738965011065908 -232.25768245847536 1684.6353714001236
-23.745603005005364 -232.22772879465995 1684.4377386218189
-23.74651168850821 -232.19901775361217 1684.2398122455668
-23.747420372011057 -232.17030671256435 1684.0418858693147
-23.748329055513906 -232.14159567151654 1683.8439594930626
-23.749237739016753 -232.11288463046873 1683.6460331168105
-23.744900333449348 -232.0846838920645 1683.448078815856
-23.740562927881943 -232.05648315366025 1683.2501245149015
-23.736225522314538 -232.02828241525603 1683.052170213947
-23.731888116747132 -232.0000816768518 1682.8542159129925
-23.727550711179727 -231.97188093844755 1682.656261612038
-23.71769560533702 -231.9429078478975 1682.458616888069
-23.707840499494313 -231.91393475734742 1682.2609721641
-23.697985393651607 -231.88496166679735 1682.063327440131
-23.688130287808903 -231.85598857624728 1681.865682716162
-23.674885924138547 -231.82449621548614 1681.6686222735443
-23.66164156046819 -231.793003854725 1681.4715618309267
-23.648397196797834 -231.76151149396384 1681.274501388309
-23.635152833127478 -231.7300191332027 1681.0774409456915
-23.61953005315097 -231.6941938709067 1680.881296918693
-23.603907273174464 -231.65836860861072 1680.6851528916943
-23.588284493197957 -231.62254334631473 1680.4890088646957
-23.572661713221454 -231.58671808401874 1680.2928648376972
-23.55703893324495 -231.55089282172278 1680.0967208106986
-23.539451387769024 -231.50734137227252 1679.902314150589
-23.521863842293094 -231.46378992282226 1679.7079074904796
-23.504276296817164 -231.420238473372 1679.51350083037
-23.48668875134123 -231.37668702392173 1679.3190941702605
-23.467758114284706 -231.32457602930867 1679.126932584034
-23.44882747722818 -231.2724650346956 1678.9347709978074
-23.429896840171647 -231.22035404008255 1678.7426094115808
-23.41096620311511 -231.16824304546947 1678.5504478253545
-23.390283760860598 -231.10618667885254 1678.3614471799992
-23.369601318606087 -231.0441303122356 1678.172446534644
-23.34891887635158 -230.98207394561868 1677.9834458892888
-23.328236434097068 -230.92001757900175 1677.7944452439335
-23.303403208106772 -230.8442035744823 1677.611045277724
-23.278569982116476 -230.76838956996286 1677.4276453115147
-23.253736756126184 -230.69257556544343 1677.2442453453052
-23.22890353013589 -230.616761560924 1677.0608453790958
-23.204070304145603 -230.54094755640457 1676.8774454128863
-23.179237078155317 -230.46513355188515 1676.694045446677
-23.150879968108246 -230.38108731069727 1676.5147911478387
-23.12252285806117 -230.29704106950936 1676.3355368490004
-23.09416574801409 -230.21299482832143 1676.1562825501621
-23.058415108976124 -230.11832341168284 1675.9837739571008
-23.022664469938164 -230.02365199504425 1675.8112653640394
-22.986913830900203 -229.92898057840569 1675.638756770978
-22.951163191862246 -229.83430916176712 1675.4662481779167
-22.907015581791608 -229.73252271491194 1675.2998435272555
-22.862867971720966 -229.63073626805675 1675.1334388765943
-22.818720361650318 -229.52894982120154 1674.9670342259333
-22.77457275157968 -229.42716337434635 1674.800629575272
-22.721052886596567 -229.32084390988172 1674.6399068465491
-22.667533021613455 -229.21452444541708 1674.4791841178262
-22.614013156630342 -229.10820498095245 1674.3184613891033
-22.56049329164723 -229.0018855164878 1674.1577386603803
-22.497434496764214 -228.89343630918384 1674.0019748718316
-22.434375701881198 -228.7849871018799 1673.846211083283
-22.37131690699818 -228.67653789457594 1673.6904472947342
-22.308258112115166 -228.56808868727197 1673.5346835061855
-22.245199317232142 -228.459639479968 1673.3789197176368
-22.17136854876653 -228.35093305636653 1673.2281485960798
-22.097537780300918 -228.24222663276507 1673.0773774745228
-22.023707011835302 -228.13352020916358 1672.9266063529658
-21.949876243369687 -228.02481378556212 1672.7758352314088
-21.868696537978543 -227.9172670115088 1672.6280396062255
-21.7875168325874 -227.8097202374555 1672.4802439810421
-21.706337127196257 -227.70217346340218 1672.3324483558588
-21.625157421805113 -227.59462668934887 1672.1846527306755
-21.54397771641397 -227.48707991529554 1672.0368571054921
-21.456075903424242 -227.38107980675645 1671.8918148762525
-21.368174090434522 -227.27507969821735 1671.746772647013
-21.280272277444812 -227.1690795896783 1671.601730417773
-21.192370464455077 -227.0630794811392 1671.4566881885335
-21.101213856366922 -226.95745564348078 1671.3133910227548
-21.01005724827876 -226.85183180582237 1671.170093856976
-20.918900640190582 -226.74620796816393 1671.0267966911977
-20.827744032102423 -226.64058413050552 1670.883499525419
-20.734937386665123 -226.5338302222221 1670.7421116559644
-20.64213074122782 -226.42707631393864 1670.60072378651
-20.549324095790514 -226.3203224056552 1670.4593359170553
-20.4565174503532 -226.21356849737174 1670.3179480476008
-20.363710804915872 -226.1068145890883 1670.1765601781462
-20.270533662157323 -225.99637004432319 1670.0382850082892
-20.17735651939877 -225.88592549955808 1669.9000098384322
-20.084179376640215 -225.77548095479295 1669.7617346685752
-19.99100223388165 -225.66503641002782 1669.6234594987181
-19.898572267691968 -225.54912345255278 1669.4892175990014
-19.806142301502287 -225.43321049507773 1669.3549756992848
-19.71371233531261 -225.31729753760268 1669.220733799568
-19.621282369122945 -225.20138458012767 1669.0864918998514
-19.53001794954451 -225.07832037965676 1668.957938376829
-19.438753529966075 -224.95525617918582 1668.8293848538065
-19.34748911038763 -224.8321919787149 1668.700831330784
-19.256224690809173 -224.70912777824392 1668.5722778077618
-19.16496027123074 -224.58606357777302 1668.4437242847393
-19.075099821724866 -224.45311407363405 1668.324352893846
-18.98523937221899 -224.3201645694951 1668.2049815029527
-18.89537892271312 -224.18721506535613 1668.0856101120594
-18.805518473207247 -224.05426556121714 1667.966238721166
-18.716381859936792 -223.91308131838136 1667.8561402481996
-18.62724524666634 -223.77189707554558 1667.7460417752332
-18.538108633395897 -223.6307128327098 1667.6359433022667
-18.448972020125463 -223.48952858987406 1667.5258448293
-18.35997585167019 -223.3411671704327 1667.4255025589368
-18.27097968321491 -223.19280575099134 1667.3251602885737
-18.18198351475963 -223.04444433154995 1667.2248180182105
-18.092987346304334 -222.89608291210857 1667.1244757478476
-18.003991177849066 -222.7477214926672 1667.0241334774844
-17.914569074760138 -222.59247337876974 1666.9352419108966
-17.825146971671206 -222.4372252648723 1666.8463503443088
-17.735724868582277 -222.28197715097485 1666.757458777721
-17.64630276549336 -222.1267290370774 1666.6685672111332
-17.556116367380447 -221.96768678550427 1666.5874994875314
-17.46592996926753 -221.80864453393113 1666.5064317639296
-17.37574357115461 -221.649602282358 1666.4253640403278
-17.285557173041685 -221.49056003078485 1666.344296316726
-17.194629676607338 -221.32902406905248 1666.2692075461982
-17.10370218017299 -221.1674881073201 1666.1941187756704
-17.012774683738645 -221.00595214558774 1666.1190300051426
-16.921847187304298 -220.8444161838554 1666.0439412346147
-16.830919690869962 -220.68288022212306 1665.968852464087
-16.739519370371408 -220.51935230124795 1665.898819611032
-16.648119049872857 -220.35582438037284 1665.828786757977
-16.55671872937431 -220.19229645949773 1665.758753904922
-16.46531840887577 -220.02876853862261 1665.688721051867
-16.374180767072563 -219.86413910166937 1665.6209635523928
-16.28304312526936 -219.69950966471612 1665.5532060529185
-16.19190548346615 -219.53488022776287 1665.4854485534443
-16.100767841662943 -219.37025079080962 1665.41769105397
-16.009630199859735 -219.20562135385634 1665.3499335544957
-15.919775109411175 -219.03972733813342 1665.2835615855042
-15.829920018962614 -218.8738333224105 1665.2171896165128
-15.740064928514053 -218.70793930668756 1665.1508176475213
-15.650209838065491 -218.54204529096467 1665.0844456785298
-15.562312263479345 -218.3749190380023 1665.01854551197
-15.474414688893201 -218.20779278503994 1664.95264534541
-15.386517114307061 -218.04066653207758 1664.88674517885
-15.298619539720928 -217.87354027911525 1664.82084501229
-15.213159458123105 -217.7048789816551 1664.7556534392736
-15.127699376525284 -217.53621768419498 1664.6904618662572
-15.042239294927468 -217.36755638673486 1664.6252702932406
-14.956779213329646 -217.1988950892747 1664.5600787202243
-14.871319131731829 -217.0302337918146 1664.4948871472077
-14.7890409391896 -216.85929707596782 1664.4315551789175
-14.70676274664737 -216.688360360121 1664.3682232106275
-14.624484554105143 -216.51742364427423 1664.3048912423374
-14.542206361562911 -216.34648692842742 1664.2415592740474
-14.461982507328194 -216.17351541106038 1664.1811855430756
-14.38175865309348 -216.00054389369333 1664.1208118121037
-14.301534798858768 -215.8275723763263 1664.060438081132
-14.221310944624063 -215.65460085895924 1664.0000643501598
-14.142139695299639 -215.4797317319679 1663.9439154258096
-14.062968445975212 -215.3048626049765 1663.8877665014593
-13.983797196650782 -215.12999347798512 1663.831617577109
-13.904625947326345 -214.95512435099374 1663.775468652759
-13.825219936952017 -214.77877306987256 1663.7245283822126
-13.745813926577693 -214.60242178875137 1663.673588111666
-13.666407916203367 -214.4260705076302 1663.6226478411197
-13.587001905829048 -214.249719226509 1663.5717075705732
-13.507595895454724 -214.0733679453878 1663.5207673000268
-13.426319078135146 -213.8959761754294 1663.4768783615864
-13.34504226081557 -213.71858440547103 1663.432989423146
-13.263765443495997 -213.54119263551266 1663.3891004847055
-13.182488626176427 -213.36380086555428 1663.345211546265
-13.098279652222454 -213.1864028706347 1663.307280027654
-13.01407067826848 -213.00900487571514 1663.269348509043
-12.929861704314504 -212.83160688079556 1663.231416990432
-12.845652730360527 -212.65420888587596 1663.1934854718213
-12.757764406184272 -212.47747178872692 1663.1612420079127
-12.669876082008015 -212.30073469157787 1663.1289985440042
-12.581987757831758 -212.12399759442883 1663.0967550800958
-12.494099433655505 -211.94726049727979 1663.0645116161872
-12.406211109479248 -211.7705234001307 1663.032268152279
-12.313339623046256 -211.59527271691246 1663.006537139099
-12.220468136613261 -211.4200220336942 1662.9808061259191
-12.127596650180267 -211.24477135047596 1662.9550751127392
-12.034725163747272 -211.0695206672577 1662.9293440995593
-11.937428157211835 -210.89597406249263 1662.9089757787215
-11.8401311506764 -210.72242745772755 1662.8886074578836
-11.742834144140966 -210.54888085296247 1662.8682391370457
-11.645537137605533 -210.37533424819736 1662.847870816208
-11.548240131070095 -210.20178764343225 1662.82750249537
-11.445685784746441 -210.0306227916618 1662.8138936905536
-11.34313143842279 -209.85945793989137 1662.8002848857373
-11.240577092099137 -209.68829308812093 1662.7866760809209
-11.138022745775485 -209.5171282363505 1662.7730672761045
-11.0313858391819 -209.34807966469086 1662.765915313298
-10.924748932588315 -209.17903109303123 1662.7587633504913
-10.818112025994731 -209.0099825213716 1662.7516113876848
-10.71147511940115 -208.84093394971197 1662.744459424878
-10.60126987881187 -208.67403686827654 1662.744870709448
-10.49106463822259 -208.50713978684112 1662.745281994018
-10.380859397633309 -208.3402427054057 1662.7456932785879
-10.270654157044028 -208.17334562397028 1662.7461045631578
-10.160448916454747 -208.00644854253486 1662.7465158477278
-10.046765262110092 -207.8422917259173 1662.7578545554513
-9.933081607765438 -207.67813490929976 1662.7691932631749
-9.819397953420781 -207.5139780926822 1662.7805319708982
-9.705714299076126 -207.34982127606466 1662.7918706786218
-9.590251826485868 -207.18796930375407 1662.8136044422747
-9.47478935389561 -207.0261173314435 1662.8353382059274
-9.359326881305352 -206.8642653591329 1662.8570719695804
-9.243864408715089 -206.70241338682231 1662.878805733233
-9.127767619747129 -206.5428191846956 1662.9112283524805
-9.011670830779167 -206.38322498256883 1662.943650971728
-8.8955740418112 -206.22363078044208 1662.9760735909751
-8.779477252843236 -206.06403657831535 1663.0084962102226
-8.663789217248135 -205.9065406409486 1663.051055676069
-8.548101181653031 -205.74904470358186 1663.093615141915
-8.432413146057932 -205.5915487662151 1663.1361746077614
-8.316725110462825 -205.43405282884837 1663.1787340736075
-8.201037074867727 -205.27655689148162 1663.2212935394539
-8.086901437524357 -205.12117322799807 1663.2744816340864
-7.972765800180991 -204.96578956451452 1663.327669728719
-7.858630162837632 -204.81040590103098 1663.3808578233518
-7.7444945254942645 -204.65502223754743 1663.4340459179843
-7.632249231503639 -204.50059794609115 1663.4936624608663
-7.52000393751301 -204.34617365463484 1663.553279003748
-7.407758643522385 -204.19174936317856 1663.61289554663
-7.295513349531752 -204.03732507172225 1663.6725120895117
-7.185427475311428 -203.883111785536 1663.7365383549093
-7.075341601091109 -203.72889849934973 1663.8005646203071
-6.965255726870785 -203.57468521316346 1663.8645908857047
-6.855169852650469 -203.4204719269772 1663.9286171511026
-6.745083978430142 -203.26625864079094 1663.9926434165002
-6.6377167425915795 -203.11149037828545 1664.059867382386
-6.530349506753014 -202.95672211577997 1664.127091348272
-6.422982270914446 -202.80195385327445 1664.1943153141578
-6.315615035075865 -202.64718559076894 1664.2615392800435
-6.210566775478618 -202.49129705509753 1664.3298300378501
-6.105518515881375 -202.33540851942612 1664.3981207956567
-6.000470256284137 -202.17951998375472 1664.4664115534636
-5.89542199668689 -202.0236314480833 1664.5347023112702
-5.790373737089655 -201.8677429124119 1664.602993069077
-5.688002900907671 -201.7101985437658 1664.6715494969835
-5.585632064725689 -201.55265417511973 1664.74010592489
-5.48326122854371 -201.39510980647367 1664.8086623527965
-5.380890392361743 -201.2375654378276 1664.8772187807033
-5.280529120330973 -201.07873710584823 1664.9457839033023
-5.1801678483002025 -200.91990877386885 1665.0143490259013
-5.07980657626943 -200.76108044188948 1665.0829141485003
-4.979445304238656 -200.6022521099101 1665.1514792710993
-4.879084032207876 -200.44342377793072 1665.2200443936983
-4.780637773590375 -200.2837928410984 1665.2895159574512
-4.682191514972871 -200.1241619042661 1665.358987521204
-4.583745256355363 -199.96453096743377 1665.4284590849568
-4.485298997737846 -199.80490003060146 1665.4979306487096
-4.387735602669732 -199.6458958091446 1665.5700350279226
-4.290172207601615 -199.48689158768775 1665.6421394071356
-4.192608812533495 -199.3278873662309 1665.7142437863486
-4.095045417465366 -199.16888314477404 1665.7863481655615
-3.9976889289642643 -199.0120825249893 1665.8633889325738
-3.900332440463169 -198.85528190520455 1665.9404296995863
-3.8029759519620665 -198.69848128541977 1666.0174704665985
-3.7056194634609714 -198.54168066563503 1666.094511233611
-3.608115833765549 -198.38872769302998 1666.1787634167727
-3.5106122040701235 -198.23577472042493 1666.2630155999343
-3.4131085743746943 -198.08282174781985 1666.347267783096
-3.315604944679252 -197.92986877521477 1666.4315199662574
-3.2181238645290864 -197.78205076990454 1666.5245106986927
-3.1206427843789246 -197.63423276459432 1666.617501431128
-3.023161704228769 -197.4864147592841 1666.7104921635632
-2.9256806240786246 -197.3385967539739 1666.8034828959987
-2.8290082508219556 -197.19675971156965 1666.9061313526406
-2.732335877565282 -197.05492266916542 1667.0087798092825
-2.635663504308603 -196.9130856267612 1667.1114282659244
-2.538991131051914 -196.77124858435693 1667.214076722566
-2.442318757795244 -196.6294115419527 1667.3167251792079
-2.3480884421547557 -196.49445949381985 1667.4303411654028
-2.2538581265142708 -196.359507445687 1667.5439571515976
-2.1596278108737907 -196.22455539755418 1667.6575731377925
-2.065397495233325 -196.08960334942137 1667.7711891239876
-1.974898661018376 -195.95937996457565 1667.8930572126944
-1.8843998268034277 -195.82915657972993 1668.0149253014013
-1.79390099258848 -195.69893319488418 1668.136793390108
-1.7034021583735295 -195.56870981003843 1668.258661478815
-1.6129033241585737 -195.4384864251927 1668.3805295675218
-1.528812685292677 -195.31255372679254 1668.5111807057824
-1.4447220464267738 -195.18662102839235 1668.641831844043
-1.3606314075608585 -195.06068832999216 1668.7724829823035
-1.2765407686949586 -194.934755631592 1668.9031341205641
-1.199716348371436 -194.81093975324058 1669.040129144963
-1.1228919280479082 -194.68712387488912 1669.1771241693618
-1.0460675077243713 -194.56330799653767 1669.3141191937605
-0.9692430874008472 -194.43949211818622 1669.4511142181593
-0.8924186670773007 -194.31567623983477 1669.588109242558
-0.8263528512570434 -194.19320654633435 1669.731763278888
-0.760287035436792 -194.07073685283396 1669.8754173152179
-0.6942212196165511 -193.94826715933357 1670.019071351548
-0.6281554037962961 -193.82579746583315 1670.162725387878
-0.5727189632381091 -193.70361879063228 1670.311046567702
-0.517282522679922 -193.5814401154314 1670.4593677475261
-0.461846082121735 -193.45926144023053 1670.6076889273502
-0.4064096415635479 -193.33708276502966 1670.7560101071742
-0.35097320100536084 -193.2149040898288 1670.9043312869983
-0.3090513231438218 -193.09286220691143 1671.0571329066577
-0.26712944528228544 -192.97082032399408 1671.209934526317
-0.2252075674207532 -192.84877844107675 1671.3627361459764
-0.18328568955923177 -192.72673655815944 1671.5155377656358
-0.15065175619736157 -192.60506031835425 1671.6708758455138
-0.11801782283549384 -192.48338407854908 1671.8262139253918
-0.08538388947363101 -192.3617078387439 1671.9815520052698
-0.05274995611177719 -192.2400315989388 1672.136890085148
-0.02509069718874856 -192.11943398520765 1672.2940243619885
0.002568561734279065 -191.9988363714765 1672.451158638829
0.030227820657305213 -191.87823875774535 1672.6082929156694
0.057887079580328696 -191.75764114401423 1672.7654271925098
0.08672216654582268 -191.6390483634145 1672.9238705267
0.1155572535113164 -191.52045558281475 1673.0823138608903
0.1443923404768108 -191.40186280221502 1673.2407571950805
0.17322742744230452 -191.28327002161527 1673.3992005292707
0.20935039009712936 -191.1677560447617 1673.5584225526234
0.24547335275195414 -191.0522420679081 1673.717644575976
0.2815963154067788 -190.93672809105456 1673.8768665993287
0.31771927806160144 -190.821214114201 1674.0360886226813
0.36510264898882466 -190.7097001464865 1674.19520949235
0.4124860199160422 -190.598186178772 1674.3543303620188
0.4598693908432665 -190.48667221105748 1674.5134512316874
0.5072527617704815 -190.37515824334298 1674.6725721013563
0.5670423163585384 -190.2682173312688 1674.8306507225766
0.6268318709465955 -190.16127641919462 1674.9887293437969
0.686621425534653 -190.05433550712044 1675.1468079650172
0.7464109801227109 -189.94739459504626 1675.3048865862374
0.8062005347107696 -189.84045368297208 1675.4629652074577
0.87951510112304 -189.73895211258778 1675.6189216294522
0.9528296675353128 -189.63745054220348 1675.7748780514466
1.026144233947589 -189.53594897181918 1675.930834473441
1.09945880035987 -189.43444740143485 1676.0867908954356
1.1727733667721625 -189.33294583105052 1676.24274731743
1.2574121578997146 -189.23650211649385 1676.3961581545927
1.3420509490272634 -189.1400584019372 1676.5495689917555
1.4266897401548062 -189.04361468738057 1676.7029798289182
1.51132853128234 -188.94717097282393 1676.8563906660809
1.5959673224098583 -188.8507272582673 1677.0098015032436
1.6893643849707205 -188.75852427596553 1677.1607173697378
1.7827614475315912 -188.6663212936637 1677.3116332362317
1.8761585100924518 -188.57411831136193 1677.462549102726
1.969555572653328 -188.48191532906012 1677.6134649692199
2.0629526352141814 -188.38971234675833 1677.764380835714
2.163059752306245 -188.3009977809631 1677.913069405965
2.2631668693983014 -188.21228321516784 1678.0617579762159
2.363273986490348 -188.12356864937263 1678.2104465464668
2.463381103582375 -188.03485408357741 1678.3591351167179
2.5676963075417687 -187.948452899092 1678.5062852901544
2.672011511501156 -187.86205171460657 1678.653435463591
2.7763267154605344 -187.77565053012114 1678.8005856370276
2.8806419194198964 -187.68924934563572 1678.947735810464
2.988679302456688 -187.6049529307332 1679.0934136684286
3.096716685493475 -187.52065651583067 1679.2390915263932
3.204754068530255 -187.43636010092814 1679.3847693843577
3.3089 -187.3551 1679.5252
